7 5
209
74 242 138
0 0
242 0
0 138
242 138
77 1755 2048
0 0
1755 0
0 2048
1755 2048
87 512 512
0 0
512 0
0 512
512 512
89 1000 1000
0 0
1000 0
0 1000
1000 1000
94 2560 1807
0 0
2560 0
0 1807
2560 1807
210
74 242 138
0 0
242 0
0 138
242 138
75 1200 1200
0 0
1200 0
0 1200
1200 1200
78 438 500
0 0
438 0
0 500
438 500
88 1166 300
0 0
1166 0
0 300
1166 300
90 1200 451
0 0
1200 0
0 451
1200 451
211
75 1200 1200
0 0
1200 0
0 1200
1200 1200
76 1024 1024
0 0
1024 0
0 1024
1024 1024
79 918 1032
0 0
918 0
0 1032
918 1032
89 1000 1000
0 0
1000 0
0 1000
1000 1000
91 2048 2048
0 0
2048 0
0 2048
2048 2048
212
76 1024 1024
0 0
1024 0
0 1024
1024 1024
77 1755 2048
0 0
1755 0
0 2048
1755 2048
80 1200 1200
0 0
1200 0
0 1200
1200 1200
90 1200 451
0 0
1200 0
0 451
1200 451
92 221 300
0 0
221 0
0 300
221 300
213
77 1755 2048
0 0
1755 0
0 2048
1755 2048
78 438 500
0 0
438 0
0 500
438 500
81 350 350
0 0
350 0
0 350
350 350
91 2048 2048
0 0
2048 0
0 2048
2048 2048
93 300 300
0 0
300 0
0 300
300 300
214
78 438 500
0 0
438 0
0 500
438 500
79 918 1032
0 0
918 0
0 1032
918 1032
82 1138 1280
0 0
1138 0
0 1280
1138 1280
92 221 300
0 0
221 0
0 300
221 300
94 2560 1807
0 0
2560 0
0 1807
2560 1807
215
74 242 138
0 0
242 0
0 138
242 138
79 918 1032
0 0
918 0
0 1032
918 1032
80 1200 1200
0 0
1200 0
0 1200
1200 1200
83 2048 2048
0 0
2048 0
0 2048
2048 2048
93 300 300
0 0
300 0
0 300
300 300
216
75 1200 1200
0 0
1200 0
0 1200
1200 1200
80 1200 1200
0 0
1200 0
0 1200
1200 1200
81 350 350
0 0
350 0
0 350
350 350
84 800 600
0 0
800 0
0 600
800 600
94 2560 1807
0 0
2560 0
0 1807
2560 1807
217
74 242 138
0 0
242 0
0 138
242 138
76 1024 1024
0 0
1024 0
0 1024
1024 1024
81 350 350
0 0
350 0
0 350
350 350
82 1138 1280
0 0
1138 0
0 1280
1138 1280
85 1168 1024
0 0
1168 0
0 1024
1168 1024
218
75 1200 1200
0 0
1200 0
0 1200
1200 1200
77 1755 2048
0 0
1755 0
0 2048
1755 2048
82 1138 1280
0 0
1138 0
0 1280
1138 1280
83 2048 2048
0 0
2048 0
0 2048
2048 2048
86 288 288
0 0
288 0
0 288
288 288
219
76 1024 1024
0 0
1024 0
0 1024
1024 1024
78 438 500
0 0
438 0
0 500
438 500
83 2048 2048
0 0
2048 0
0 2048
2048 2048
84 800 600
0 0
800 0
0 600
800 600
87 512 512
0 0
512 0
0 512
512 512
220
77 1755 2048
0 0
1755 0
0 2048
1755 2048
79 918 1032
0 0
918 0
0 1032
918 1032
84 800 600
0 0
800 0
0 600
800 600
85 1168 1024
0 0
1168 0
0 1024
1168 1024
88 1166 300
0 0
1166 0
0 300
1166 300
221
78 438 500
0 0
438 0
0 500
438 500
80 1200 1200
0 0
1200 0
0 1200
1200 1200
85 1168 1024
0 0
1168 0
0 1024
1168 1024
86 288 288
0 0
288 0
0 288
288 288
89 1000 1000
0 0
1000 0
0 1000
1000 1000
222
79 918 1032
0 0
918 0
0 1032
918 1032
81 350 350
0 0
350 0
0 350
350 350
86 288 288
0 0
288 0
0 288
288 288
87 512 512
0 0
512 0
0 512
512 512
90 1200 451
0 0
1200 0
0 451
1200 451
223
80 1200 1200
0 0
1200 0
0 1200
1200 1200
82 1138 1280
0 0
1138 0
0 1280
1138 1280
87 512 512
0 0
512 0
0 512
512 512
88 1166 300
0 0
1166 0
0 300
1166 300
91 2048 2048
0 0
2048 0
0 2048
2048 2048
224
81 350 350
0 0
350 0
0 350
350 350
83 2048 2048
0 0
2048 0
0 2048
2048 2048
88 1166 300
0 0
1166 0
0 300
1166 300
89 1000 1000
0 0
1000 0
0 1000
1000 1000
92 221 300
0 0
221 0
0 300
221 300
225
82 1138 1280
0 0
1138 0
0 1280
1138 1280
84 800 600
0 0
800 0
0 600
800 600
89 1000 1000
0 0
1000 0
0 1000
1000 1000
90 1200 451
0 0
1200 0
0 451
1200 451
93 300 300
0 0
300 0
0 300
300 300
226
83 2048 2048
0 0
2048 0
0 2048
2048 2048
85 1168 1024
0 0
1168 0
0 1024
1168 1024
90 1200 451
0 0
1200 0
0 451
1200 451
91 2048 2048
0 0
2048 0
0 2048
2048 2048
94 2560 1807
0 0
2560 0
0 1807
2560 1807
227
74 242 138
0 0
242 0
0 138
242 138
84 800 600
0 0
800 0
0 600
800 600
86 288 288
0 0
288 0
0 288
288 288
91 2048 2048
0 0
2048 0
0 2048
2048 2048
92 221 300
0 0
221 0
0 300
221 300
228
75 1200 1200
0 0
1200 0
0 1200
1200 1200
85 1168 1024
0 0
1168 0
0 1024
1168 1024
87 512 512
0 0
512 0
0 512
512 512
92 221 300
0 0
221 0
0 300
221 300
93 300 300
0 0
300 0
0 300
300 300
229
76 1024 1024
0 0
1024 0
0 1024
1024 1024
86 288 288
0 0
288 0
0 288
288 288
88 1166 300
0 0
1166 0
0 300
1166 300
93 300 300
0 0
300 0
0 300
300 300
94 2560 1807
0 0
2560 0
0 1807
2560 1807
