9 8
261
74 242 138
0 0
242 0
0 138
242 138
79 918 1032
0 0
918 0
0 1032
918 1032
88 1166 300
0 0
1166 0
0 300
1166 300
95 2560 1277
0 0
2560 0
0 1277
2560 1277
99 1200 1200
0 0
1200 0
0 1200
1200 1200
118 242 242
0 0
242 0
0 242
242 242
128 2048 2048
0 0
2048 0
0 2048
2048 2048
130 1200 1200
0 0
1200 0
0 1200
1200 1200
262
74 242 138
0 0
242 0
0 138
242 138
75 1200 1200
0 0
1200 0
0 1200
1200 1200
80 1200 1200
0 0
1200 0
0 1200
1200 1200
89 1000 1000
0 0
1000 0
0 1000
1000 1000
96 1052 1052
0 0
1052 0
0 1052
1052 1052
100 3000 2000
0 0
3000 0
0 2000
3000 2000
119 1869 2048
0 0
1869 0
0 2048
1869 2048
129 767 800
0 0
767 0
0 800
767 800
263
75 1200 1200
0 0
1200 0
0 1200
1200 1200
76 1024 1024
0 0
1024 0
0 1024
1024 1024
81 350 350
0 0
350 0
0 350
350 350
90 1200 451
0 0
1200 0
0 451
1200 451
97 1280 1280
0 0
1280 0
0 1280
1280 1280
101 768 768
0 0
768 0
0 768
768 768
120 1200 897
0 0
1200 0
0 897
1200 897
130 1200 1200
0 0
1200 0
0 1200
1200 1200
264
74 242 138
0 0
242 0
0 138
242 138
76 1024 1024
0 0
1024 0
0 1024
1024 1024
77 1755 2048
0 0
1755 0
0 2048
1755 2048
82 1138 1280
0 0
1138 0
0 1280
1138 1280
91 2048 2048
0 0
2048 0
0 2048
2048 2048
98 1280 828
0 0
1280 0
0 828
1280 828
102 1024 538
0 0
1024 0
0 538
1024 538
121 1200 549
0 0
1200 0
0 549
1200 549
265
75 1200 1200
0 0
1200 0
0 1200
1200 1200
77 1755 2048
0 0
1755 0
0 2048
1755 2048
78 438 500
0 0
438 0
0 500
438 500
83 2048 2048
0 0
2048 0
0 2048
2048 2048
92 221 300
0 0
221 0
0 300
221 300
99 1200 1200
0 0
1200 0
0 1200
1200 1200
103 2000 2000
0 0
2000 0
0 2000
2000 2000
122 285 300
0 0
285 0
0 300
285 300
266
76 1024 1024
0 0
1024 0
0 1024
1024 1024
78 438 500
0 0
438 0
0 500
438 500
79 918 1032
0 0
918 0
0 1032
918 1032
84 800 600
0 0
800 0
0 600
800 600
93 300 300
0 0
300 0
0 300
300 300
100 3000 2000
0 0
3000 0
0 2000
3000 2000
104 2500 2500
0 0
2500 0
0 2500
2500 2500
123 300 375
0 0
300 0
0 375
300 375
267
77 1755 2048
0 0
1755 0
0 2048
1755 2048
79 918 1032
0 0
918 0
0 1032
918 1032
80 1200 1200
0 0
1200 0
0 1200
1200 1200
85 1168 1024
0 0
1168 0
0 1024
1168 1024
94 2560 1807
0 0
2560 0
0 1807
2560 1807
101 768 768
0 0
768 0
0 768
768 768
105 1200 1074
0 0
1200 0
0 1074
1200 1074
124 1280 485
0 0
1280 0
0 485
1280 485
268
78 438 500
0 0
438 0
0 500
438 500
80 1200 1200
0 0
1200 0
0 1200
1200 1200
81 350 350
0 0
350 0
0 350
350 350
86 288 288
0 0
288 0
0 288
288 288
95 2560 1277
0 0
2560 0
0 1277
2560 1277
102 1024 538
0 0
1024 0
0 538
1024 538
106 4167 4167
0 0
4167 0
0 4167
4167 4167
125 360 360
0 0
360 0
0 360
360 360
269
79 918 1032
0 0
918 0
0 1032
918 1032
81 350 350
0 0
350 0
0 350
350 350
82 1138 1280
0 0
1138 0
0 1280
1138 1280
87 512 512
0 0
512 0
0 512
512 512
96 1052 1052
0 0
1052 0
0 1052
1052 1052
103 2000 2000
0 0
2000 0
0 2000
2000 2000
107 391 202
0 0
391 0
0 202
391 202
126 1982 1777
0 0
1982 0
0 1777
1982 1777
270
80 1200 1200
0 0
1200 0
0 1200
1200 1200
82 1138 1280
0 0
1138 0
0 1280
1138 1280
83 2048 2048
0 0
2048 0
0 2048
2048 2048
88 1166 300
0 0
1166 0
0 300
1166 300
97 1280 1280
0 0
1280 0
0 1280
1280 1280
104 2500 2500
0 0
2500 0
0 2500
2500 2500
108 300 300
0 0
300 0
0 300
300 300
127 1024 1024
0 0
1024 0
0 1024
1024 1024
271
81 350 350
0 0
350 0
0 350
350 350
83 2048 2048
0 0
2048 0
0 2048
2048 2048
84 800 600
0 0
800 0
0 600
800 600
89 1000 1000
0 0
1000 0
0 1000
1000 1000
98 1280 828
0 0
1280 0
0 828
1280 828
105 1200 1074
0 0
1200 0
0 1074
1200 1074
109 500 500
0 0
500 0
0 500
500 500
128 2048 2048
0 0
2048 0
0 2048
2048 2048
272
82 1138 1280
0 0
1138 0
0 1280
1138 1280
84 800 600
0 0
800 0
0 600
800 600
85 1168 1024
0 0
1168 0
0 1024
1168 1024
90 1200 451
0 0
1200 0
0 451
1200 451
99 1200 1200
0 0
1200 0
0 1200
1200 1200
106 4167 4167
0 0
4167 0
0 4167
4167 4167
110 3000 2336
0 0
3000 0
0 2336
3000 2336
129 767 800
0 0
767 0
0 800
767 800
273
83 2048 2048
0 0
2048 0
0 2048
2048 2048
85 1168 1024
0 0
1168 0
0 1024
1168 1024
86 288 288
0 0
288 0
0 288
288 288
91 2048 2048
0 0
2048 0
0 2048
2048 2048
100 3000 2000
0 0
3000 0
0 2000
3000 2000
107 391 202
0 0
391 0
0 202
391 202
111 512 512
0 0
512 0
0 512
512 512
130 1200 1200
0 0
1200 0
0 1200
1200 1200
274
74 242 138
0 0
242 0
0 138
242 138
84 800 600
0 0
800 0
0 600
800 600
86 288 288
0 0
288 0
0 288
288 288
87 512 512
0 0
512 0
0 512
512 512
92 221 300
0 0
221 0
0 300
221 300
101 768 768
0 0
768 0
0 768
768 768
108 300 300
0 0
300 0
0 300
300 300
112 600 600
0 0
600 0
0 600
600 600
275
75 1200 1200
0 0
1200 0
0 1200
1200 1200
85 1168 1024
0 0
1168 0
0 1024
1168 1024
87 512 512
0 0
512 0
0 512
512 512
88 1166 300
0 0
1166 0
0 300
1166 300
93 300 300
0 0
300 0
0 300
300 300
102 1024 538
0 0
1024 0
0 538
1024 538
109 500 500
0 0
500 0
0 500
500 500
113 1136 1280
0 0
1136 0
0 1280
1136 1280
276
76 1024 1024
0 0
1024 0
0 1024
1024 1024
86 288 288
0 0
288 0
0 288
288 288
88 1166 300
0 0
1166 0
0 300
1166 300
89 1000 1000
0 0
1000 0
0 1000
1000 1000
94 2560 1807
0 0
2560 0
0 1807
2560 1807
103 2000 2000
0 0
2000 0
0 2000
2000 2000
110 3000 2336
0 0
3000 0
0 2336
3000 2336
114 369 268
0 0
369 0
0 268
369 268
277
77 1755 2048
0 0
1755 0
0 2048
1755 2048
87 512 512
0 0
512 0
0 512
512 512
89 1000 1000
0 0
1000 0
0 1000
1000 1000
90 1200 451
0 0
1200 0
0 451
1200 451
95 2560 1277
0 0
2560 0
0 1277
2560 1277
104 2500 2500
0 0
2500 0
0 2500
2500 2500
111 512 512
0 0
512 0
0 512
512 512
115 1280 691
0 0
1280 0
0 691
1280 691
278
78 438 500
0 0
438 0
0 500
438 500
88 1166 300
0 0
1166 0
0 300
1166 300
90 1200 451
0 0
1200 0
0 451
1200 451
91 2048 2048
0 0
2048 0
0 2048
2048 2048
96 1052 1052
0 0
1052 0
0 1052
1052 1052
105 1200 1074
0 0
1200 0
0 1074
1200 1074
112 600 600
0 0
600 0
0 600
600 600
116 3000 2000
0 0
3000 0
0 2000
3000 2000
279
79 918 1032
0 0
918 0
0 1032
918 1032
89 1000 1000
0 0
1000 0
0 1000
1000 1000
91 2048 2048
0 0
2048 0
0 2048
2048 2048
92 221 300
0 0
221 0
0 300
221 300
97 1280 1280
0 0
1280 0
0 1280
1280 1280
106 4167 4167
0 0
4167 0
0 4167
4167 4167
113 1136 1280
0 0
1136 0
0 1280
1136 1280
117 960 960
0 0
960 0
0 960
960 960
280
80 1200 1200
0 0
1200 0
0 1200
1200 1200
90 1200 451
0 0
1200 0
0 451
1200 451
92 221 300
0 0
221 0
0 300
221 300
93 300 300
0 0
300 0
0 300
300 300
98 1280 828
0 0
1280 0
0 828
1280 828
107 391 202
0 0
391 0
0 202
391 202
114 369 268
0 0
369 0
0 268
369 268
118 242 242
0 0
242 0
0 242
242 242
281
81 350 350
0 0
350 0
0 350
350 350
91 2048 2048
0 0
2048 0
0 2048
2048 2048
93 300 300
0 0
300 0
0 300
300 300
94 2560 1807
0 0
2560 0
0 1807
2560 1807
99 1200 1200
0 0
1200 0
0 1200
1200 1200
108 300 300
0 0
300 0
0 300
300 300
115 1280 691
0 0
1280 0
0 691
1280 691
119 1869 2048
0 0
1869 0
0 2048
1869 2048
282
82 1138 1280
0 0
1138 0
0 1280
1138 1280
92 221 300
0 0
221 0
0 300
221 300
94 2560 1807
0 0
2560 0
0 1807
2560 1807
95 2560 1277
0 0
2560 0
0 1277
2560 1277
100 3000 2000
0 0
3000 0
0 2000
3000 2000
109 500 500
0 0
500 0
0 500
500 500
116 3000 2000
0 0
3000 0
0 2000
3000 2000
120 1200 897
0 0
1200 0
0 897
1200 897
283
83 2048 2048
0 0
2048 0
0 2048
2048 2048
93 300 300
0 0
300 0
0 300
300 300
95 2560 1277
0 0
2560 0
0 1277
2560 1277
96 1052 1052
0 0
1052 0
0 1052
1052 1052
101 768 768
0 0
768 0
0 768
768 768
110 3000 2336
0 0
3000 0
0 2336
3000 2336
117 960 960
0 0
960 0
0 960
960 960
121 1200 549
0 0
1200 0
0 549
1200 549
284
84 800 600
0 0
800 0
0 600
800 600
94 2560 1807
0 0
2560 0
0 1807
2560 1807
96 1052 1052
0 0
1052 0
0 1052
1052 1052
97 1280 1280
0 0
1280 0
0 1280
1280 1280
102 1024 538
0 0
1024 0
0 538
1024 538
111 512 512
0 0
512 0
0 512
512 512
118 242 242
0 0
242 0
0 242
242 242
122 285 300
0 0
285 0
0 300
285 300
285
85 1168 1024
0 0
1168 0
0 1024
1168 1024
95 2560 1277
0 0
2560 0
0 1277
2560 1277
97 1280 1280
0 0
1280 0
0 1280
1280 1280
98 1280 828
0 0
1280 0
0 828
1280 828
103 2000 2000
0 0
2000 0
0 2000
2000 2000
112 600 600
0 0
600 0
0 600
600 600
119 1869 2048
0 0
1869 0
0 2048
1869 2048
123 300 375
0 0
300 0
0 375
300 375
286
86 288 288
0 0
288 0
0 288
288 288
96 1052 1052
0 0
1052 0
0 1052
1052 1052
98 1280 828
0 0
1280 0
0 828
1280 828
99 1200 1200
0 0
1200 0
0 1200
1200 1200
104 2500 2500
0 0
2500 0
0 2500
2500 2500
113 1136 1280
0 0
1136 0
0 1280
1136 1280
120 1200 897
0 0
1200 0
0 897
1200 897
124 1280 485
0 0
1280 0
0 485
1280 485
287
87 512 512
0 0
512 0
0 512
512 512
97 1280 1280
0 0
1280 0
0 1280
1280 1280
99 1200 1200
0 0
1200 0
0 1200
1200 1200
100 3000 2000
0 0
3000 0
0 2000
3000 2000
105 1200 1074
0 0
1200 0
0 1074
1200 1074
114 369 268
0 0
369 0
0 268
369 268
121 1200 549
0 0
1200 0
0 549
1200 549
125 360 360
0 0
360 0
0 360
360 360
288
88 1166 300
0 0
1166 0
0 300
1166 300
98 1280 828
0 0
1280 0
0 828
1280 828
100 3000 2000
0 0
3000 0
0 2000
3000 2000
101 768 768
0 0
768 0
0 768
768 768
106 4167 4167
0 0
4167 0
0 4167
4167 4167
115 1280 691
0 0
1280 0
0 691
1280 691
122 285 300
0 0
285 0
0 300
285 300
126 1982 1777
0 0
1982 0
0 1777
1982 1777
289
89 1000 1000
0 0
1000 0
0 1000
1000 1000
99 1200 1200
0 0
1200 0
0 1200
1200 1200
101 768 768
0 0
768 0
0 768
768 768
102 1024 538
0 0
1024 0
0 538
1024 538
107 391 202
0 0
391 0
0 202
391 202
116 3000 2000
0 0
3000 0
0 2000
3000 2000
123 300 375
0 0
300 0
0 375
300 375
127 1024 1024
0 0
1024 0
0 1024
1024 1024
290
90 1200 451
0 0
1200 0
0 451
1200 451
100 3000 2000
0 0
3000 0
0 2000
3000 2000
102 1024 538
0 0
1024 0
0 538
1024 538
103 2000 2000
0 0
2000 0
0 2000
2000 2000
108 300 300
0 0
300 0
0 300
300 300
117 960 960
0 0
960 0
0 960
960 960
124 1280 485
0 0
1280 0
0 485
1280 485
128 2048 2048
0 0
2048 0
0 2048
2048 2048
291
91 2048 2048
0 0
2048 0
0 2048
2048 2048
101 768 768
0 0
768 0
0 768
768 768
103 2000 2000
0 0
2000 0
0 2000
2000 2000
104 2500 2500
0 0
2500 0
0 2500
2500 2500
109 500 500
0 0
500 0
0 500
500 500
118 242 242
0 0
242 0
0 242
242 242
125 360 360
0 0
360 0
0 360
360 360
129 767 800
0 0
767 0
0 800
767 800
292
92 221 300
0 0
221 0
0 300
221 300
102 1024 538
0 0
1024 0
0 538
1024 538
104 2500 2500
0 0
2500 0
0 2500
2500 2500
105 1200 1074
0 0
1200 0
0 1074
1200 1074
110 3000 2336
0 0
3000 0
0 2336
3000 2336
119 1869 2048
0 0
1869 0
0 2048
1869 2048
126 1982 1777
0 0
1982 0
0 1777
1982 1777
130 1200 1200
0 0
1200 0
0 1200
1200 1200
293
74 242 138
0 0
242 0
0 138
242 138
93 300 300
0 0
300 0
0 300
300 300
103 2000 2000
0 0
2000 0
0 2000
2000 2000
105 1200 1074
0 0
1200 0
0 1074
1200 1074
106 4167 4167
0 0
4167 0
0 4167
4167 4167
111 512 512
0 0
512 0
0 512
512 512
120 1200 897
0 0
1200 0
0 897
1200 897
127 1024 1024
0 0
1024 0
0 1024
1024 1024
294
75 1200 1200
0 0
1200 0
0 1200
1200 1200
94 2560 1807
0 0
2560 0
0 1807
2560 1807
104 2500 2500
0 0
2500 0
0 2500
2500 2500
106 4167 4167
0 0
4167 0
0 4167
4167 4167
107 391 202
0 0
391 0
0 202
391 202
112 600 600
0 0
600 0
0 600
600 600
121 1200 549
0 0
1200 0
0 549
1200 549
128 2048 2048
0 0
2048 0
0 2048
2048 2048
295
76 1024 1024
0 0
1024 0
0 1024
1024 1024
95 2560 1277
0 0
2560 0
0 1277
2560 1277
105 1200 1074
0 0
1200 0
0 1074
1200 1074
107 391 202
0 0
391 0
0 202
391 202
108 300 300
0 0
300 0
0 300
300 300
113 1136 1280
0 0
1136 0
0 1280
1136 1280
122 285 300
0 0
285 0
0 300
285 300
129 767 800
0 0
767 0
0 800
767 800
296
77 1755 2048
0 0
1755 0
0 2048
1755 2048
96 1052 1052
0 0
1052 0
0 1052
1052 1052
106 4167 4167
0 0
4167 0
0 4167
4167 4167
108 300 300
0 0
300 0
0 300
300 300
109 500 500
0 0
500 0
0 500
500 500
114 369 268
0 0
369 0
0 268
369 268
123 300 375
0 0
300 0
0 375
300 375
130 1200 1200
0 0
1200 0
0 1200
1200 1200
297
74 242 138
0 0
242 0
0 138
242 138
78 438 500
0 0
438 0
0 500
438 500
97 1280 1280
0 0
1280 0
0 1280
1280 1280
107 391 202
0 0
391 0
0 202
391 202
109 500 500
0 0
500 0
0 500
500 500
110 3000 2336
0 0
3000 0
0 2336
3000 2336
115 1280 691
0 0
1280 0
0 691
1280 691
124 1280 485
0 0
1280 0
0 485
1280 485
298
75 1200 1200
0 0
1200 0
0 1200
1200 1200
79 918 1032
0 0
918 0
0 1032
918 1032
98 1280 828
0 0
1280 0
0 828
1280 828
108 300 300
0 0
300 0
0 300
300 300
110 3000 2336
0 0
3000 0
0 2336
3000 2336
111 512 512
0 0
512 0
0 512
512 512
116 3000 2000
0 0
3000 0
0 2000
3000 2000
125 360 360
0 0
360 0
0 360
360 360
299
76 1024 1024
0 0
1024 0
0 1024
1024 1024
80 1200 1200
0 0
1200 0
0 1200
1200 1200
99 1200 1200
0 0
1200 0
0 1200
1200 1200
109 500 500
0 0
500 0
0 500
500 500
111 512 512
0 0
512 0
0 512
512 512
112 600 600
0 0
600 0
0 600
600 600
117 960 960
0 0
960 0
0 960
960 960
126 1982 1777
0 0
1982 0
0 1777
1982 1777
300
77 1755 2048
0 0
1755 0
0 2048
1755 2048
81 350 350
0 0
350 0
0 350
350 350
100 3000 2000
0 0
3000 0
0 2000
3000 2000
110 3000 2336
0 0
3000 0
0 2336
3000 2336
112 600 600
0 0
600 0
0 600
600 600
113 1136 1280
0 0
1136 0
0 1280
1136 1280
118 242 242
0 0
242 0
0 242
242 242
127 1024 1024
0 0
1024 0
0 1024
1024 1024
301
78 438 500
0 0
438 0
0 500
438 500
82 1138 1280
0 0
1138 0
0 1280
1138 1280
101 768 768
0 0
768 0
0 768
768 768
111 512 512
0 0
512 0
0 512
512 512
113 1136 1280
0 0
1136 0
0 1280
1136 1280
114 369 268
0 0
369 0
0 268
369 268
119 1869 2048
0 0
1869 0
0 2048
1869 2048
128 2048 2048
0 0
2048 0
0 2048
2048 2048
302
79 918 1032
0 0
918 0
0 1032
918 1032
83 2048 2048
0 0
2048 0
0 2048
2048 2048
102 1024 538
0 0
1024 0
0 538
1024 538
112 600 600
0 0
600 0
0 600
600 600
114 369 268
0 0
369 0
0 268
369 268
115 1280 691
0 0
1280 0
0 691
1280 691
120 1200 897
0 0
1200 0
0 897
1200 897
129 767 800
0 0
767 0
0 800
767 800
303
80 1200 1200
0 0
1200 0
0 1200
1200 1200
84 800 600
0 0
800 0
0 600
800 600
103 2000 2000
0 0
2000 0
0 2000
2000 2000
113 1136 1280
0 0
1136 0
0 1280
1136 1280
115 1280 691
0 0
1280 0
0 691
1280 691
116 3000 2000
0 0
3000 0
0 2000
3000 2000
121 1200 549
0 0
1200 0
0 549
1200 549
130 1200 1200
0 0
1200 0
0 1200
1200 1200
304
74 242 138
0 0
242 0
0 138
242 138
81 350 350
0 0
350 0
0 350
350 350
85 1168 1024
0 0
1168 0
0 1024
1168 1024
104 2500 2500
0 0
2500 0
0 2500
2500 2500
114 369 268
0 0
369 0
0 268
369 268
116 3000 2000
0 0
3000 0
0 2000
3000 2000
117 960 960
0 0
960 0
0 960
960 960
122 285 300
0 0
285 0
0 300
285 300
305
75 1200 1200
0 0
1200 0
0 1200
1200 1200
82 1138 1280
0 0
1138 0
0 1280
1138 1280
86 288 288
0 0
288 0
0 288
288 288
105 1200 1074
0 0
1200 0
0 1074
1200 1074
115 1280 691
0 0
1280 0
0 691
1280 691
117 960 960
0 0
960 0
0 960
960 960
118 242 242
0 0
242 0
0 242
242 242
123 300 375
0 0
300 0
0 375
300 375
306
76 1024 1024
0 0
1024 0
0 1024
1024 1024
83 2048 2048
0 0
2048 0
0 2048
2048 2048
87 512 512
0 0
512 0
0 512
512 512
106 4167 4167
0 0
4167 0
0 4167
4167 4167
116 3000 2000
0 0
3000 0
0 2000
3000 2000
118 242 242
0 0
242 0
0 242
242 242
119 1869 2048
0 0
1869 0
0 2048
1869 2048
124 1280 485
0 0
1280 0
0 485
1280 485
307
77 1755 2048
0 0
1755 0
0 2048
1755 2048
84 800 600
0 0
800 0
0 600
800 600
88 1166 300
0 0
1166 0
0 300
1166 300
107 391 202
0 0
391 0
0 202
391 202
117 960 960
0 0
960 0
0 960
960 960
119 1869 2048
0 0
1869 0
0 2048
1869 2048
120 1200 897
0 0
1200 0
0 897
1200 897
125 360 360
0 0
360 0
0 360
360 360
308
78 438 500
0 0
438 0
0 500
438 500
85 1168 1024
0 0
1168 0
0 1024
1168 1024
89 1000 1000
0 0
1000 0
0 1000
1000 1000
108 300 300
0 0
300 0
0 300
300 300
118 242 242
0 0
242 0
0 242
242 242
120 1200 897
0 0
1200 0
0 897
1200 897
121 1200 549
0 0
1200 0
0 549
1200 549
126 1982 1777
0 0
1982 0
0 1777
1982 1777
309
79 918 1032
0 0
918 0
0 1032
918 1032
86 288 288
0 0
288 0
0 288
288 288
90 1200 451
0 0
1200 0
0 451
1200 451
109 500 500
0 0
500 0
0 500
500 500
119 1869 2048
0 0
1869 0
0 2048
1869 2048
121 1200 549
0 0
1200 0
0 549
1200 549
122 285 300
0 0
285 0
0 300
285 300
127 1024 1024
0 0
1024 0
0 1024
1024 1024
310
80 1200 1200
0 0
1200 0
0 1200
1200 1200
87 512 512
0 0
512 0
0 512
512 512
91 2048 2048
0 0
2048 0
0 2048
2048 2048
110 3000 2336
0 0
3000 0
0 2336
3000 2336
120 1200 897
0 0
1200 0
0 897
1200 897
122 285 300
0 0
285 0
0 300
285 300
123 300 375
0 0
300 0
0 375
300 375
128 2048 2048
0 0
2048 0
0 2048
2048 2048
311
81 350 350
0 0
350 0
0 350
350 350
88 1166 300
0 0
1166 0
0 300
1166 300
92 221 300
0 0
221 0
0 300
221 300
111 512 512
0 0
512 0
0 512
512 512
121 1200 549
0 0
1200 0
0 549
1200 549
123 300 375
0 0
300 0
0 375
300 375
124 1280 485
0 0
1280 0
0 485
1280 485
129 767 800
0 0
767 0
0 800
767 800
312
82 1138 1280
0 0
1138 0
0 1280
1138 1280
89 1000 1000
0 0
1000 0
0 1000
1000 1000
93 300 300
0 0
300 0
0 300
300 300
112 600 600
0 0
600 0
0 600
600 600
122 285 300
0 0
285 0
0 300
285 300
124 1280 485
0 0
1280 0
0 485
1280 485
125 360 360
0 0
360 0
0 360
360 360
130 1200 1200
0 0
1200 0
0 1200
1200 1200
313
74 242 138
0 0
242 0
0 138
242 138
83 2048 2048
0 0
2048 0
0 2048
2048 2048
90 1200 451
0 0
1200 0
0 451
1200 451
94 2560 1807
0 0
2560 0
0 1807
2560 1807
113 1136 1280
0 0
1136 0
0 1280
1136 1280
123 300 375
0 0
300 0
0 375
300 375
125 360 360
0 0
360 0
0 360
360 360
126 1982 1777
0 0
1982 0
0 1777
1982 1777
314
75 1200 1200
0 0
1200 0
0 1200
1200 1200
84 800 600
0 0
800 0
0 600
800 600
91 2048 2048
0 0
2048 0
0 2048
2048 2048
95 2560 1277
0 0
2560 0
0 1277
2560 1277
114 369 268
0 0
369 0
0 268
369 268
124 1280 485
0 0
1280 0
0 485
1280 485
126 1982 1777
0 0
1982 0
0 1777
1982 1777
127 1024 1024
0 0
1024 0
0 1024
1024 1024
315
76 1024 1024
0 0
1024 0
0 1024
1024 1024
85 1168 1024
0 0
1168 0
0 1024
1168 1024
92 221 300
0 0
221 0
0 300
221 300
96 1052 1052
0 0
1052 0
0 1052
1052 1052
115 1280 691
0 0
1280 0
0 691
1280 691
125 360 360
0 0
360 0
0 360
360 360
127 1024 1024
0 0
1024 0
0 1024
1024 1024
128 2048 2048
0 0
2048 0
0 2048
2048 2048
316
77 1755 2048
0 0
1755 0
0 2048
1755 2048
86 288 288
0 0
288 0
0 288
288 288
93 300 300
0 0
300 0
0 300
300 300
97 1280 1280
0 0
1280 0
0 1280
1280 1280
116 3000 2000
0 0
3000 0
0 2000
3000 2000
126 1982 1777
0 0
1982 0
0 1777
1982 1777
128 2048 2048
0 0
2048 0
0 2048
2048 2048
129 767 800
0 0
767 0
0 800
767 800
317
78 438 500
0 0
438 0
0 500
438 500
87 512 512
0 0
512 0
0 512
512 512
94 2560 1807
0 0
2560 0
0 1807
2560 1807
98 1280 828
0 0
1280 0
0 828
1280 828
117 960 960
0 0
960 0
0 960
960 960
127 1024 1024
0 0
1024 0
0 1024
1024 1024
129 767 800
0 0
767 0
0 800
767 800
130 1200 1200
0 0
1200 0
0 1200
1200 1200
