3 6
35
1 2500 596
0 0
2500 0
0 596
2500 596
6 2100 2493
0 0
2100 0
0 2493
2100 2493
18 512 512
0 0
512 0
0 512
512 512
22 2400 2400
0 0
2400 0
0 2400
2400 2400
29 1024 1024
0 0
1024 0
0 1024
1024 1024
31 2400 2250
0 0
2400 0
0 2250
2400 2250
36
1 2500 596
0 0
2500 0
0 596
2500 596
2 440 241
0 0
440 0
0 241
440 241
7 823 826
0 0
823 0
0 826
823 826
19 2400 2400
0 0
2400 0
0 2400
2400 2400
23 1000 1000
0 0
1000 0
0 1000
1000 1000
30 1250 1250
0 0
1250 0
0 1250
1250 1250
37
2 440 241
0 0
440 0
0 241
440 241
3 360 360
0 0
360 0
0 360
360 360
8 512 512
0 0
512 0
0 512
512 512
20 1800 1013
0 0
1800 0
0 1013
1800 1013
24 505 411
0 0
505 0
0 411
505 411
31 2400 2250
0 0
2400 0
0 2250
2400 2250
38
1 2500 596
0 0
2500 0
0 596
2500 596
3 360 360
0 0
360 0
0 360
360 360
4 1179 1024
0 0
1179 0
0 1024
1179 1024
9 800 800
0 0
800 0
0 800
800 800
21 800 800
0 0
800 0
0 800
800 800
25 2400 2213
0 0
2400 0
0 2213
2400 2213
39
2 440 241
0 0
440 0
0 241
440 241
4 1179 1024
0 0
1179 0
0 1024
1179 1024
5 512 512
0 0
512 0
0 512
512 512
10 1920 1920
0 0
1920 0
0 1920
1920 1920
22 2400 2400
0 0
2400 0
0 2400
2400 2400
26 1600 1600
0 0
1600 0
0 1600
1600 1600
40
3 360 360
0 0
360 0
0 360
360 360
5 512 512
0 0
512 0
0 512
512 512
6 2100 2493
0 0
2100 0
0 2493
2100 2493
11 1024 1024
0 0
1024 0
0 1024
1024 1024
23 1000 1000
0 0
1000 0
0 1000
1000 1000
27 500 330
0 0
500 0
0 330
500 330
41
4 1179 1024
0 0
1179 0
0 1024
1179 1024
6 2100 2493
0 0
2100 0
0 2493
2100 2493
7 823 826
0 0
823 0
0 826
823 826
12 1000 1000
0 0
1000 0
0 1000
1000 1000
24 505 411
0 0
505 0
0 411
505 411
28 2048 2048
0 0
2048 0
0 2048
2048 2048
42
5 512 512
0 0
512 0
0 512
512 512
7 823 826
0 0
823 0
0 826
823 826
8 512 512
0 0
512 0
0 512
512 512
13 256 256
0 0
256 0
0 256
256 256
25 2400 2213
0 0
2400 0
0 2213
2400 2213
29 1024 1024
0 0
1024 0
0 1024
1024 1024
43
6 2100 2493
0 0
2100 0
0 2493
2100 2493
8 512 512
0 0
512 0
0 512
512 512
9 800 800
0 0
800 0
0 800
800 800
14 844 121
0 0
844 0
0 121
844 121
26 1600 1600
0 0
1600 0
0 1600
1600 1600
30 1250 1250
0 0
1250 0
0 1250
1250 1250
44
7 823 826
0 0
823 0
0 826
823 826
9 800 800
0 0
800 0
0 800
800 800
10 1920 1920
0 0
1920 0
0 1920
1920 1920
15 512 512
0 0
512 0
0 512
512 512
27 500 330
0 0
500 0
0 330
500 330
31 2400 2250
0 0
2400 0
0 2250
2400 2250
45
1 2500 596
0 0
2500 0
0 596
2500 596
8 512 512
0 0
512 0
0 512
512 512
10 1920 1920
0 0
1920 0
0 1920
1920 1920
11 1024 1024
0 0
1024 0
0 1024
1024 1024
16 684 1024
0 0
684 0
0 1024
684 1024
28 2048 2048
0 0
2048 0
0 2048
2048 2048
46
2 440 241
0 0
440 0
0 241
440 241
9 800 800
0 0
800 0
0 800
800 800
11 1024 1024
0 0
1024 0
0 1024
1024 1024
12 1000 1000
0 0
1000 0
0 1000
1000 1000
17 2083 2083
0 0
2083 0
0 2083
2083 2083
29 1024 1024
0 0
1024 0
0 1024
1024 1024
47
3 360 360
0 0
360 0
0 360
360 360
10 1920 1920
0 0
1920 0
0 1920
1920 1920
12 1000 1000
0 0
1000 0
0 1000
1000 1000
13 256 256
0 0
256 0
0 256
256 256
18 512 512
0 0
512 0
0 512
512 512
30 1250 1250
0 0
1250 0
0 1250
1250 1250
48
4 1179 1024
0 0
1179 0
0 1024
1179 1024
11 1024 1024
0 0
1024 0
0 1024
1024 1024
13 256 256
0 0
256 0
0 256
256 256
14 844 121
0 0
844 0
0 121
844 121
19 2400 2400
0 0
2400 0
0 2400
2400 2400
31 2400 2250
0 0
2400 0
0 2250
2400 2250
49
1 2500 596
0 0
2500 0
0 596
2500 596
5 512 512
0 0
512 0
0 512
512 512
12 1000 1000
0 0
1000 0
0 1000
1000 1000
14 844 121
0 0
844 0
0 121
844 121
15 512 512
0 0
512 0
0 512
512 512
20 1800 1013
0 0
1800 0
0 1013
1800 1013
50
2 440 241
0 0
440 0
0 241
440 241
6 2100 2493
0 0
2100 0
0 2493
2100 2493
13 256 256
0 0
256 0
0 256
256 256
15 512 512
0 0
512 0
0 512
512 512
16 684 1024
0 0
684 0
0 1024
684 1024
21 800 800
0 0
800 0
0 800
800 800
51
3 360 360
0 0
360 0
0 360
360 360
7 823 826
0 0
823 0
0 826
823 826
14 844 121
0 0
844 0
0 121
844 121
16 684 1024
0 0
684 0
0 1024
684 1024
17 2083 2083
0 0
2083 0
0 2083
2083 2083
22 2400 2400
0 0
2400 0
0 2400
2400 2400
52
4 1179 1024
0 0
1179 0
0 1024
1179 1024
8 512 512
0 0
512 0
0 512
512 512
15 512 512
0 0
512 0
0 512
512 512
17 2083 2083
0 0
2083 0
0 2083
2083 2083
18 512 512
0 0
512 0
0 512
512 512
23 1000 1000
0 0
1000 0
0 1000
1000 1000
53
5 512 512
0 0
512 0
0 512
512 512
9 800 800
0 0
800 0
0 800
800 800
16 684 1024
0 0
684 0
0 1024
684 1024
18 512 512
0 0
512 0
0 512
512 512
19 2400 2400
0 0
2400 0
0 2400
2400 2400
24 505 411
0 0
505 0
0 411
505 411
54
6 2100 2493
0 0
2100 0
0 2493
2100 2493
10 1920 1920
0 0
1920 0
0 1920
1920 1920
17 2083 2083
0 0
2083 0
0 2083
2083 2083
19 2400 2400
0 0
2400 0
0 2400
2400 2400
20 1800 1013
0 0
1800 0
0 1013
1800 1013
25 2400 2213
0 0
2400 0
0 2213
2400 2213
55
7 823 826
0 0
823 0
0 826
823 826
11 1024 1024
0 0
1024 0
0 1024
1024 1024
18 512 512
0 0
512 0
0 512
512 512
20 1800 1013
0 0
1800 0
0 1013
1800 1013
21 800 800
0 0
800 0
0 800
800 800
26 1600 1600
0 0
1600 0
0 1600
1600 1600
56
8 512 512
0 0
512 0
0 512
512 512
12 1000 1000
0 0
1000 0
0 1000
1000 1000
19 2400 2400
0 0
2400 0
0 2400
2400 2400
21 800 800
0 0
800 0
0 800
800 800
22 2400 2400
0 0
2400 0
0 2400
2400 2400
27 500 330
0 0
500 0
0 330
500 330
57
9 800 800
0 0
800 0
0 800
800 800
13 256 256
0 0
256 0
0 256
256 256
20 1800 1013
0 0
1800 0
0 1013
1800 1013
22 2400 2400
0 0
2400 0
0 2400
2400 2400
23 1000 1000
0 0
1000 0
0 1000
1000 1000
28 2048 2048
0 0
2048 0
0 2048
2048 2048
58
10 1920 1920
0 0
1920 0
0 1920
1920 1920
14 844 121
0 0
844 0
0 121
844 121
21 800 800
0 0
800 0
0 800
800 800
23 1000 1000
0 0
1000 0
0 1000
1000 1000
24 505 411
0 0
505 0
0 411
505 411
29 1024 1024
0 0
1024 0
0 1024
1024 1024
59
11 1024 1024
0 0
1024 0
0 1024
1024 1024
15 512 512
0 0
512 0
0 512
512 512
22 2400 2400
0 0
2400 0
0 2400
2400 2400
24 505 411
0 0
505 0
0 411
505 411
25 2400 2213
0 0
2400 0
0 2213
2400 2213
30 1250 1250
0 0
1250 0
0 1250
1250 1250
60
12 1000 1000
0 0
1000 0
0 1000
1000 1000
16 684 1024
0 0
684 0
0 1024
684 1024
23 1000 1000
0 0
1000 0
0 1000
1000 1000
25 2400 2213
0 0
2400 0
0 2213
2400 2213
26 1600 1600
0 0
1600 0
0 1600
1600 1600
31 2400 2250
0 0
2400 0
0 2250
2400 2250
61
1 2500 596
0 0
2500 0
0 596
2500 596
13 256 256
0 0
256 0
0 256
256 256
17 2083 2083
0 0
2083 0
0 2083
2083 2083
24 505 411
0 0
505 0
0 411
505 411
26 1600 1600
0 0
1600 0
0 1600
1600 1600
27 500 330
0 0
500 0
0 330
500 330
62
2 440 241
0 0
440 0
0 241
440 241
14 844 121
0 0
844 0
0 121
844 121
18 512 512
0 0
512 0
0 512
512 512
25 2400 2213
0 0
2400 0
0 2213
2400 2213
27 500 330
0 0
500 0
0 330
500 330
28 2048 2048
0 0
2048 0
0 2048
2048 2048
63
3 360 360
0 0
360 0
0 360
360 360
15 512 512
0 0
512 0
0 512
512 512
19 2400 2400
0 0
2400 0
0 2400
2400 2400
26 1600 1600
0 0
1600 0
0 1600
1600 1600
28 2048 2048
0 0
2048 0
0 2048
2048 2048
29 1024 1024
0 0
1024 0
0 1024
1024 1024
64
4 1179 1024
0 0
1179 0
0 1024
1179 1024
16 684 1024
0 0
684 0
0 1024
684 1024
20 1800 1013
0 0
1800 0
0 1013
1800 1013
27 500 330
0 0
500 0
0 330
500 330
29 1024 1024
0 0
1024 0
0 1024
1024 1024
30 1250 1250
0 0
1250 0
0 1250
1250 1250
65
5 512 512
0 0
512 0
0 512
512 512
17 2083 2083
0 0
2083 0
0 2083
2083 2083
21 800 800
0 0
800 0
0 800
800 800
28 2048 2048
0 0
2048 0
0 2048
2048 2048
30 1250 1250
0 0
1250 0
0 1250
1250 1250
31 2400 2250
0 0
2400 0
0 2250
2400 2250
