8 6
230
74 242 138
0 0
242 0
0 138
242 138
79 918 1032
0 0
918 0
0 1032
918 1032
91 2048 2048
0 0
2048 0
0 2048
2048 2048
95 2560 1277
0 0
2560 0
0 1277
2560 1277
102 1024 538
0 0
1024 0
0 538
1024 538
104 2500 2500
0 0
2500 0
0 2500
2500 2500
231
74 242 138
0 0
242 0
0 138
242 138
75 1200 1200
0 0
1200 0
0 1200
1200 1200
80 1200 1200
0 0
1200 0
0 1200
1200 1200
92 221 300
0 0
221 0
0 300
221 300
96 1052 1052
0 0
1052 0
0 1052
1052 1052
103 2000 2000
0 0
2000 0
0 2000
2000 2000
232
75 1200 1200
0 0
1200 0
0 1200
1200 1200
76 1024 1024
0 0
1024 0
0 1024
1024 1024
81 350 350
0 0
350 0
0 350
350 350
93 300 300
0 0
300 0
0 300
300 300
97 1280 1280
0 0
1280 0
0 1280
1280 1280
104 2500 2500
0 0
2500 0
0 2500
2500 2500
233
74 242 138
0 0
242 0
0 138
242 138
76 1024 1024
0 0
1024 0
0 1024
1024 1024
77 1755 2048
0 0
1755 0
0 2048
1755 2048
82 1138 1280
0 0
1138 0
0 1280
1138 1280
94 2560 1807
0 0
2560 0
0 1807
2560 1807
98 1280 828
0 0
1280 0
0 828
1280 828
234
75 1200 1200
0 0
1200 0
0 1200
1200 1200
77 1755 2048
0 0
1755 0
0 2048
1755 2048
78 438 500
0 0
438 0
0 500
438 500
83 2048 2048
0 0
2048 0
0 2048
2048 2048
95 2560 1277
0 0
2560 0
0 1277
2560 1277
99 1200 1200
0 0
1200 0
0 1200
1200 1200
235
76 1024 1024
0 0
1024 0
0 1024
1024 1024
78 438 500
0 0
438 0
0 500
438 500
79 918 1032
0 0
918 0
0 1032
918 1032
84 800 600
0 0
800 0
0 600
800 600
96 1052 1052
0 0
1052 0
0 1052
1052 1052
100 3000 2000
0 0
3000 0
0 2000
3000 2000
236
77 1755 2048
0 0
1755 0
0 2048
1755 2048
79 918 1032
0 0
918 0
0 1032
918 1032
80 1200 1200
0 0
1200 0
0 1200
1200 1200
85 1168 1024
0 0
1168 0
0 1024
1168 1024
97 1280 1280
0 0
1280 0
0 1280
1280 1280
101 768 768
0 0
768 0
0 768
768 768
237
78 438 500
0 0
438 0
0 500
438 500
80 1200 1200
0 0
1200 0
0 1200
1200 1200
81 350 350
0 0
350 0
0 350
350 350
86 288 288
0 0
288 0
0 288
288 288
98 1280 828
0 0
1280 0
0 828
1280 828
102 1024 538
0 0
1024 0
0 538
1024 538
238
79 918 1032
0 0
918 0
0 1032
918 1032
81 350 350
0 0
350 0
0 350
350 350
82 1138 1280
0 0
1138 0
0 1280
1138 1280
87 512 512
0 0
512 0
0 512
512 512
99 1200 1200
0 0
1200 0
0 1200
1200 1200
103 2000 2000
0 0
2000 0
0 2000
2000 2000
239
80 1200 1200
0 0
1200 0
0 1200
1200 1200
82 1138 1280
0 0
1138 0
0 1280
1138 1280
83 2048 2048
0 0
2048 0
0 2048
2048 2048
88 1166 300
0 0
1166 0
0 300
1166 300
100 3000 2000
0 0
3000 0
0 2000
3000 2000
104 2500 2500
0 0
2500 0
0 2500
2500 2500
240
74 242 138
0 0
242 0
0 138
242 138
81 350 350
0 0
350 0
0 350
350 350
83 2048 2048
0 0
2048 0
0 2048
2048 2048
84 800 600
0 0
800 0
0 600
800 600
89 1000 1000
0 0
1000 0
0 1000
1000 1000
101 768 768
0 0
768 0
0 768
768 768
241
75 1200 1200
0 0
1200 0
0 1200
1200 1200
82 1138 1280
0 0
1138 0
0 1280
1138 1280
84 800 600
0 0
800 0
0 600
800 600
85 1168 1024
0 0
1168 0
0 1024
1168 1024
90 1200 451
0 0
1200 0
0 451
1200 451
102 1024 538
0 0
1024 0
0 538
1024 538
242
76 1024 1024
0 0
1024 0
0 1024
1024 1024
83 2048 2048
0 0
2048 0
0 2048
2048 2048
85 1168 1024
0 0
1168 0
0 1024
1168 1024
86 288 288
0 0
288 0
0 288
288 288
91 2048 2048
0 0
2048 0
0 2048
2048 2048
103 2000 2000
0 0
2000 0
0 2000
2000 2000
243
77 1755 2048
0 0
1755 0
0 2048
1755 2048
84 800 600
0 0
800 0
0 600
800 600
86 288 288
0 0
288 0
0 288
288 288
87 512 512
0 0
512 0
0 512
512 512
92 221 300
0 0
221 0
0 300
221 300
104 2500 2500
0 0
2500 0
0 2500
2500 2500
244
74 242 138
0 0
242 0
0 138
242 138
78 438 500
0 0
438 0
0 500
438 500
85 1168 1024
0 0
1168 0
0 1024
1168 1024
87 512 512
0 0
512 0
0 512
512 512
88 1166 300
0 0
1166 0
0 300
1166 300
93 300 300
0 0
300 0
0 300
300 300
245
75 1200 1200
0 0
1200 0
0 1200
1200 1200
79 918 1032
0 0
918 0
0 1032
918 1032
86 288 288
0 0
288 0
0 288
288 288
88 1166 300
0 0
1166 0
0 300
1166 300
89 1000 1000
0 0
1000 0
0 1000
1000 1000
94 2560 1807
0 0
2560 0
0 1807
2560 1807
246
76 1024 1024
0 0
1024 0
0 1024
1024 1024
80 1200 1200
0 0
1200 0
0 1200
1200 1200
87 512 512
0 0
512 0
0 512
512 512
89 1000 1000
0 0
1000 0
0 1000
1000 1000
90 1200 451
0 0
1200 0
0 451
1200 451
95 2560 1277
0 0
2560 0
0 1277
2560 1277
247
77 1755 2048
0 0
1755 0
0 2048
1755 2048
81 350 350
0 0
350 0
0 350
350 350
88 1166 300
0 0
1166 0
0 300
1166 300
90 1200 451
0 0
1200 0
0 451
1200 451
91 2048 2048
0 0
2048 0
0 2048
2048 2048
96 1052 1052
0 0
1052 0
0 1052
1052 1052
248
78 438 500
0 0
438 0
0 500
438 500
82 1138 1280
0 0
1138 0
0 1280
1138 1280
89 1000 1000
0 0
1000 0
0 1000
1000 1000
91 2048 2048
0 0
2048 0
0 2048
2048 2048
92 221 300
0 0
221 0
0 300
221 300
97 1280 1280
0 0
1280 0
0 1280
1280 1280
249
79 918 1032
0 0
918 0
0 1032
918 1032
83 2048 2048
0 0
2048 0
0 2048
2048 2048
90 1200 451
0 0
1200 0
0 451
1200 451
92 221 300
0 0
221 0
0 300
221 300
93 300 300
0 0
300 0
0 300
300 300
98 1280 828
0 0
1280 0
0 828
1280 828
250
80 1200 1200
0 0
1200 0
0 1200
1200 1200
84 800 600
0 0
800 0
0 600
800 600
91 2048 2048
0 0
2048 0
0 2048
2048 2048
93 300 300
0 0
300 0
0 300
300 300
94 2560 1807
0 0
2560 0
0 1807
2560 1807
99 1200 1200
0 0
1200 0
0 1200
1200 1200
251
81 350 350
0 0
350 0
0 350
350 350
85 1168 1024
0 0
1168 0
0 1024
1168 1024
92 221 300
0 0
221 0
0 300
221 300
94 2560 1807
0 0
2560 0
0 1807
2560 1807
95 2560 1277
0 0
2560 0
0 1277
2560 1277
100 3000 2000
0 0
3000 0
0 2000
3000 2000
252
82 1138 1280
0 0
1138 0
0 1280
1138 1280
86 288 288
0 0
288 0
0 288
288 288
93 300 300
0 0
300 0
0 300
300 300
95 2560 1277
0 0
2560 0
0 1277
2560 1277
96 1052 1052
0 0
1052 0
0 1052
1052 1052
101 768 768
0 0
768 0
0 768
768 768
253
83 2048 2048
0 0
2048 0
0 2048
2048 2048
87 512 512
0 0
512 0
0 512
512 512
94 2560 1807
0 0
2560 0
0 1807
2560 1807
96 1052 1052
0 0
1052 0
0 1052
1052 1052
97 1280 1280
0 0
1280 0
0 1280
1280 1280
102 1024 538
0 0
1024 0
0 538
1024 538
254
84 800 600
0 0
800 0
0 600
800 600
88 1166 300
0 0
1166 0
0 300
1166 300
95 2560 1277
0 0
2560 0
0 1277
2560 1277
97 1280 1280
0 0
1280 0
0 1280
1280 1280
98 1280 828
0 0
1280 0
0 828
1280 828
103 2000 2000
0 0
2000 0
0 2000
2000 2000
255
85 1168 1024
0 0
1168 0
0 1024
1168 1024
89 1000 1000
0 0
1000 0
0 1000
1000 1000
96 1052 1052
0 0
1052 0
0 1052
1052 1052
98 1280 828
0 0
1280 0
0 828
1280 828
99 1200 1200
0 0
1200 0
0 1200
1200 1200
104 2500 2500
0 0
2500 0
0 2500
2500 2500
256
74 242 138
0 0
242 0
0 138
242 138
86 288 288
0 0
288 0
0 288
288 288
90 1200 451
0 0
1200 0
0 451
1200 451
97 1280 1280
0 0
1280 0
0 1280
1280 1280
99 1200 1200
0 0
1200 0
0 1200
1200 1200
100 3000 2000
0 0
3000 0
0 2000
3000 2000
257
75 1200 1200
0 0
1200 0
0 1200
1200 1200
87 512 512
0 0
512 0
0 512
512 512
91 2048 2048
0 0
2048 0
0 2048
2048 2048
98 1280 828
0 0
1280 0
0 828
1280 828
100 3000 2000
0 0
3000 0
0 2000
3000 2000
101 768 768
0 0
768 0
0 768
768 768
258
76 1024 1024
0 0
1024 0
0 1024
1024 1024
88 1166 300
0 0
1166 0
0 300
1166 300
92 221 300
0 0
221 0
0 300
221 300
99 1200 1200
0 0
1200 0
0 1200
1200 1200
101 768 768
0 0
768 0
0 768
768 768
102 1024 538
0 0
1024 0
0 538
1024 538
259
77 1755 2048
0 0
1755 0
0 2048
1755 2048
89 1000 1000
0 0
1000 0
0 1000
1000 1000
93 300 300
0 0
300 0
0 300
300 300
100 3000 2000
0 0
3000 0
0 2000
3000 2000
102 1024 538
0 0
1024 0
0 538
1024 538
103 2000 2000
0 0
2000 0
0 2000
2000 2000
260
78 438 500
0 0
438 0
0 500
438 500
90 1200 451
0 0
1200 0
0 451
1200 451
94 2560 1807
0 0
2560 0
0 1807
2560 1807
101 768 768
0 0
768 0
0 768
768 768
103 2000 2000
0 0
2000 0
0 2000
2000 2000
104 2500 2500
0 0
2500 0
0 2500
2500 2500
