2 5
14
1 2500 596
0 0
2500 0
0 596
2500 596
4 1179 1024
0 0
1179 0
0 1024
1179 1024
14 844 121
0 0
844 0
0 121
844 121
16 684 1024
0 0
684 0
0 1024
684 1024
21 800 800
0 0
800 0
0 800
800 800
15
1 2500 596
0 0
2500 0
0 596
2500 596
2 440 241
0 0
440 0
0 241
440 241
5 512 512
0 0
512 0
0 512
512 512
15 512 512
0 0
512 0
0 512
512 512
17 2083 2083
0 0
2083 0
0 2083
2083 2083
16
2 440 241
0 0
440 0
0 241
440 241
3 360 360
0 0
360 0
0 360
360 360
6 2100 2493
0 0
2100 0
0 2493
2100 2493
16 684 1024
0 0
684 0
0 1024
684 1024
18 512 512
0 0
512 0
0 512
512 512
17
3 360 360
0 0
360 0
0 360
360 360
4 1179 1024
0 0
1179 0
0 1024
1179 1024
7 823 826
0 0
823 0
0 826
823 826
17 2083 2083
0 0
2083 0
0 2083
2083 2083
19 2400 2400
0 0
2400 0
0 2400
2400 2400
18
4 1179 1024
0 0
1179 0
0 1024
1179 1024
5 512 512
0 0
512 0
0 512
512 512
8 512 512
0 0
512 0
0 512
512 512
18 512 512
0 0
512 0
0 512
512 512
20 1800 1013
0 0
1800 0
0 1013
1800 1013
19
5 512 512
0 0
512 0
0 512
512 512
6 2100 2493
0 0
2100 0
0 2493
2100 2493
9 800 800
0 0
800 0
0 800
800 800
19 2400 2400
0 0
2400 0
0 2400
2400 2400
21 800 800
0 0
800 0
0 800
800 800
20
1 2500 596
0 0
2500 0
0 596
2500 596
6 2100 2493
0 0
2100 0
0 2493
2100 2493
7 823 826
0 0
823 0
0 826
823 826
10 1920 1920
0 0
1920 0
0 1920
1920 1920
20 1800 1013
0 0
1800 0
0 1013
1800 1013
21
2 440 241
0 0
440 0
0 241
440 241
7 823 826
0 0
823 0
0 826
823 826
8 512 512
0 0
512 0
0 512
512 512
11 1024 1024
0 0
1024 0
0 1024
1024 1024
21 800 800
0 0
800 0
0 800
800 800
22
1 2500 596
0 0
2500 0
0 596
2500 596
3 360 360
0 0
360 0
0 360
360 360
8 512 512
0 0
512 0
0 512
512 512
9 800 800
0 0
800 0
0 800
800 800
12 1000 1000
0 0
1000 0
0 1000
1000 1000
23
2 440 241
0 0
440 0
0 241
440 241
4 1179 1024
0 0
1179 0
0 1024
1179 1024
9 800 800
0 0
800 0
0 800
800 800
10 1920 1920
0 0
1920 0
0 1920
1920 1920
13 256 256
0 0
256 0
0 256
256 256
24
3 360 360
0 0
360 0
0 360
360 360
5 512 512
0 0
512 0
0 512
512 512
10 1920 1920
0 0
1920 0
0 1920
1920 1920
11 1024 1024
0 0
1024 0
0 1024
1024 1024
14 844 121
0 0
844 0
0 121
844 121
25
4 1179 1024
0 0
1179 0
0 1024
1179 1024
6 2100 2493
0 0
2100 0
0 2493
2100 2493
11 1024 1024
0 0
1024 0
0 1024
1024 1024
12 1000 1000
0 0
1000 0
0 1000
1000 1000
15 512 512
0 0
512 0
0 512
512 512
26
5 512 512
0 0
512 0
0 512
512 512
7 823 826
0 0
823 0
0 826
823 826
12 1000 1000
0 0
1000 0
0 1000
1000 1000
13 256 256
0 0
256 0
0 256
256 256
16 684 1024
0 0
684 0
0 1024
684 1024
27
6 2100 2493
0 0
2100 0
0 2493
2100 2493
8 512 512
0 0
512 0
0 512
512 512
13 256 256
0 0
256 0
0 256
256 256
14 844 121
0 0
844 0
0 121
844 121
17 2083 2083
0 0
2083 0
0 2083
2083 2083
28
7 823 826
0 0
823 0
0 826
823 826
9 800 800
0 0
800 0
0 800
800 800
14 844 121
0 0
844 0
0 121
844 121
15 512 512
0 0
512 0
0 512
512 512
18 512 512
0 0
512 0
0 512
512 512
29
8 512 512
0 0
512 0
0 512
512 512
10 1920 1920
0 0
1920 0
0 1920
1920 1920
15 512 512
0 0
512 0
0 512
512 512
16 684 1024
0 0
684 0
0 1024
684 1024
19 2400 2400
0 0
2400 0
0 2400
2400 2400
30
9 800 800
0 0
800 0
0 800
800 800
11 1024 1024
0 0
1024 0
0 1024
1024 1024
16 684 1024
0 0
684 0
0 1024
684 1024
17 2083 2083
0 0
2083 0
0 2083
2083 2083
20 1800 1013
0 0
1800 0
0 1013
1800 1013
31
10 1920 1920
0 0
1920 0
0 1920
1920 1920
12 1000 1000
0 0
1000 0
0 1000
1000 1000
17 2083 2083
0 0
2083 0
0 2083
2083 2083
18 512 512
0 0
512 0
0 512
512 512
21 800 800
0 0
800 0
0 800
800 800
32
1 2500 596
0 0
2500 0
0 596
2500 596
11 1024 1024
0 0
1024 0
0 1024
1024 1024
13 256 256
0 0
256 0
0 256
256 256
18 512 512
0 0
512 0
0 512
512 512
19 2400 2400
0 0
2400 0
0 2400
2400 2400
33
2 440 241
0 0
440 0
0 241
440 241
12 1000 1000
0 0
1000 0
0 1000
1000 1000
14 844 121
0 0
844 0
0 121
844 121
19 2400 2400
0 0
2400 0
0 2400
2400 2400
20 1800 1013
0 0
1800 0
0 1013
1800 1013
34
3 360 360
0 0
360 0
0 360
360 360
13 256 256
0 0
256 0
0 256
256 256
15 512 512
0 0
512 0
0 512
512 512
20 1800 1013
0 0
1800 0
0 1013
1800 1013
21 800 800
0 0
800 0
0 800
800 800
