10 9
318
74 242 138
0 0
242 0
0 138
242 138
84 800 600
0 0
800 0
0 600
800 600
93 300 300
0 0
300 0
0 300
300 300
111 512 512
0 0
512 0
0 512
512 512
116 3000 2000
0 0
3000 0
0 2000
3000 2000
132 2500 2500
0 0
2500 0
0 2500
2500 2500
140 512 512
0 0
512 0
0 512
512 512
144 900 678
0 0
900 0
0 678
900 678
146 3301 4000
0 0
3301 0
0 4000
3301 4000
319
74 242 138
0 0
242 0
0 138
242 138
75 1200 1200
0 0
1200 0
0 1200
1200 1200
85 1168 1024
0 0
1168 0
0 1024
1168 1024
94 2560 1807
0 0
2560 0
0 1807
2560 1807
112 600 600
0 0
600 0
0 600
600 600
117 960 960
0 0
960 0
0 960
960 960
133 1000 1000
0 0
1000 0
0 1000
1000 1000
141 512 512
0 0
512 0
0 512
512 512
145 4000 3453
0 0
4000 0
0 3453
4000 3453
320
75 1200 1200
0 0
1200 0
0 1200
1200 1200
76 1024 1024
0 0
1024 0
0 1024
1024 1024
86 288 288
0 0
288 0
0 288
288 288
95 2560 1277
0 0
2560 0
0 1277
2560 1277
113 1136 1280
0 0
1136 0
0 1280
1136 1280
118 242 242
0 0
242 0
0 242
242 242
134 2400 2400
0 0
2400 0
0 2400
2400 2400
142 1024 1024
0 0
1024 0
0 1024
1024 1024
146 3301 4000
0 0
3301 0
0 4000
3301 4000
321
74 242 138
0 0
242 0
0 138
242 138
76 1024 1024
0 0
1024 0
0 1024
1024 1024
77 1755 2048
0 0
1755 0
0 2048
1755 2048
87 512 512
0 0
512 0
0 512
512 512
96 1052 1052
0 0
1052 0
0 1052
1052 1052
114 369 268
0 0
369 0
0 268
369 268
119 1869 2048
0 0
1869 0
0 2048
1869 2048
135 3000 2000
0 0
3000 0
0 2000
3000 2000
143 2000 2000
0 0
2000 0
0 2000
2000 2000
322
75 1200 1200
0 0
1200 0
0 1200
1200 1200
77 1755 2048
0 0
1755 0
0 2048
1755 2048
78 438 500
0 0
438 0
0 500
438 500
88 1166 300
0 0
1166 0
0 300
1166 300
97 1280 1280
0 0
1280 0
0 1280
1280 1280
115 1280 691
0 0
1280 0
0 691
1280 691
120 1200 897
0 0
1200 0
0 897
1200 897
136 1520 1520
0 0
1520 0
0 1520
1520 1520
144 900 678
0 0
900 0
0 678
900 678
323
76 1024 1024
0 0
1024 0
0 1024
1024 1024
78 438 500
0 0
438 0
0 500
438 500
79 918 1032
0 0
918 0
0 1032
918 1032
89 1000 1000
0 0
1000 0
0 1000
1000 1000
98 1280 828
0 0
1280 0
0 828
1280 828
116 3000 2000
0 0
3000 0
0 2000
3000 2000
121 1200 549
0 0
1200 0
0 549
1200 549
137 900 928
0 0
900 0
0 928
900 928
145 4000 3453
0 0
4000 0
0 3453
4000 3453
324
77 1755 2048
0 0
1755 0
0 2048
1755 2048
79 918 1032
0 0
918 0
0 1032
918 1032
80 1200 1200
0 0
1200 0
0 1200
1200 1200
90 1200 451
0 0
1200 0
0 451
1200 451
99 1200 1200
0 0
1200 0
0 1200
1200 1200
117 960 960
0 0
960 0
0 960
960 960
122 285 300
0 0
285 0
0 300
285 300
138 1600 1600
0 0
1600 0
0 1600
1600 1600
146 3301 4000
0 0
3301 0
0 4000
3301 4000
325
74 242 138
0 0
242 0
0 138
242 138
78 438 500
0 0
438 0
0 500
438 500
80 1200 1200
0 0
1200 0
0 1200
1200 1200
81 350 350
0 0
350 0
0 350
350 350
91 2048 2048
0 0
2048 0
0 2048
2048 2048
100 3000 2000
0 0
3000 0
0 2000
3000 2000
118 242 242
0 0
242 0
0 242
242 242
123 300 375
0 0
300 0
0 375
300 375
139 2400 2400
0 0
2400 0
0 2400
2400 2400
326
75 1200 1200
0 0
1200 0
0 1200
1200 1200
79 918 1032
0 0
918 0
0 1032
918 1032
81 350 350
0 0
350 0
0 350
350 350
82 1138 1280
0 0
1138 0
0 1280
1138 1280
92 221 300
0 0
221 0
0 300
221 300
101 768 768
0 0
768 0
0 768
768 768
119 1869 2048
0 0
1869 0
0 2048
1869 2048
124 1280 485
0 0
1280 0
0 485
1280 485
140 512 512
0 0
512 0
0 512
512 512
327
76 1024 1024
0 0
1024 0
0 1024
1024 1024
80 1200 1200
0 0
1200 0
0 1200
1200 1200
82 1138 1280
0 0
1138 0
0 1280
1138 1280
83 2048 2048
0 0
2048 0
0 2048
2048 2048
93 300 300
0 0
300 0
0 300
300 300
102 1024 538
0 0
1024 0
0 538
1024 538
120 1200 897
0 0
1200 0
0 897
1200 897
125 360 360
0 0
360 0
0 360
360 360
141 512 512
0 0
512 0
0 512
512 512
328
77 1755 2048
0 0
1755 0
0 2048
1755 2048
81 350 350
0 0
350 0
0 350
350 350
83 2048 2048
0 0
2048 0
0 2048
2048 2048
84 800 600
0 0
800 0
0 600
800 600
94 2560 1807
0 0
2560 0
0 1807
2560 1807
103 2000 2000
0 0
2000 0
0 2000
2000 2000
121 1200 549
0 0
1200 0
0 549
1200 549
126 1982 1777
0 0
1982 0
0 1777
1982 1777
142 1024 1024
0 0
1024 0
0 1024
1024 1024
329
78 438 500
0 0
438 0
0 500
438 500
82 1138 1280
0 0
1138 0
0 1280
1138 1280
84 800 600
0 0
800 0
0 600
800 600
85 1168 1024
0 0
1168 0
0 1024
1168 1024
95 2560 1277
0 0
2560 0
0 1277
2560 1277
104 2500 2500
0 0
2500 0
0 2500
2500 2500
122 285 300
0 0
285 0
0 300
285 300
127 1024 1024
0 0
1024 0
0 1024
1024 1024
143 2000 2000
0 0
2000 0
0 2000
2000 2000
330
79 918 1032
0 0
918 0
0 1032
918 1032
83 2048 2048
0 0
2048 0
0 2048
2048 2048
85 1168 1024
0 0
1168 0
0 1024
1168 1024
86 288 288
0 0
288 0
0 288
288 288
96 1052 1052
0 0
1052 0
0 1052
1052 1052
105 1200 1074
0 0
1200 0
0 1074
1200 1074
123 300 375
0 0
300 0
0 375
300 375
128 2048 2048
0 0
2048 0
0 2048
2048 2048
144 900 678
0 0
900 0
0 678
900 678
331
80 1200 1200
0 0
1200 0
0 1200
1200 1200
84 800 600
0 0
800 0
0 600
800 600
86 288 288
0 0
288 0
0 288
288 288
87 512 512
0 0
512 0
0 512
512 512
97 1280 1280
0 0
1280 0
0 1280
1280 1280
106 4167 4167
0 0
4167 0
0 4167
4167 4167
124 1280 485
0 0
1280 0
0 485
1280 485
129 767 800
0 0
767 0
0 800
767 800
145 4000 3453
0 0
4000 0
0 3453
4000 3453
332
81 350 350
0 0
350 0
0 350
350 350
85 1168 1024
0 0
1168 0
0 1024
1168 1024
87 512 512
0 0
512 0
0 512
512 512
88 1166 300
0 0
1166 0
0 300
1166 300
98 1280 828
0 0
1280 0
0 828
1280 828
107 391 202
0 0
391 0
0 202
391 202
125 360 360
0 0
360 0
0 360
360 360
130 1200 1200
0 0
1200 0
0 1200
1200 1200
146 3301 4000
0 0
3301 0
0 4000
3301 4000
333
74 242 138
0 0
242 0
0 138
242 138
82 1138 1280
0 0
1138 0
0 1280
1138 1280
86 288 288
0 0
288 0
0 288
288 288
88 1166 300
0 0
1166 0
0 300
1166 300
89 1000 1000
0 0
1000 0
0 1000
1000 1000
99 1200 1200
0 0
1200 0
0 1200
1200 1200
108 300 300
0 0
300 0
0 300
300 300
126 1982 1777
0 0
1982 0
0 1777
1982 1777
131 1024 1024
0 0
1024 0
0 1024
1024 1024
334
75 1200 1200
0 0
1200 0
0 1200
1200 1200
83 2048 2048
0 0
2048 0
0 2048
2048 2048
87 512 512
0 0
512 0
0 512
512 512
89 1000 1000
0 0
1000 0
0 1000
1000 1000
90 1200 451
0 0
1200 0
0 451
1200 451
100 3000 2000
0 0
3000 0
0 2000
3000 2000
109 500 500
0 0
500 0
0 500
500 500
127 1024 1024
0 0
1024 0
0 1024
1024 1024
132 2500 2500
0 0
2500 0
0 2500
2500 2500
335
76 1024 1024
0 0
1024 0
0 1024
1024 1024
84 800 600
0 0
800 0
0 600
800 600
88 1166 300
0 0
1166 0
0 300
1166 300
90 1200 451
0 0
1200 0
0 451
1200 451
91 2048 2048
0 0
2048 0
0 2048
2048 2048
101 768 768
0 0
768 0
0 768
768 768
110 3000 2336
0 0
3000 0
0 2336
3000 2336
128 2048 2048
0 0
2048 0
0 2048
2048 2048
133 1000 1000
0 0
1000 0
0 1000
1000 1000
336
77 1755 2048
0 0
1755 0
0 2048
1755 2048
85 1168 1024
0 0
1168 0
0 1024
1168 1024
89 1000 1000
0 0
1000 0
0 1000
1000 1000
91 2048 2048
0 0
2048 0
0 2048
2048 2048
92 221 300
0 0
221 0
0 300
221 300
102 1024 538
0 0
1024 0
0 538
1024 538
111 512 512
0 0
512 0
0 512
512 512
129 767 800
0 0
767 0
0 800
767 800
134 2400 2400
0 0
2400 0
0 2400
2400 2400
337
78 438 500
0 0
438 0
0 500
438 500
86 288 288
0 0
288 0
0 288
288 288
90 1200 451
0 0
1200 0
0 451
1200 451
92 221 300
0 0
221 0
0 300
221 300
93 300 300
0 0
300 0
0 300
300 300
103 2000 2000
0 0
2000 0
0 2000
2000 2000
112 600 600
0 0
600 0
0 600
600 600
130 1200 1200
0 0
1200 0
0 1200
1200 1200
135 3000 2000
0 0
3000 0
0 2000
3000 2000
338
79 918 1032
0 0
918 0
0 1032
918 1032
87 512 512
0 0
512 0
0 512
512 512
91 2048 2048
0 0
2048 0
0 2048
2048 2048
93 300 300
0 0
300 0
0 300
300 300
94 2560 1807
0 0
2560 0
0 1807
2560 1807
104 2500 2500
0 0
2500 0
0 2500
2500 2500
113 1136 1280
0 0
1136 0
0 1280
1136 1280
131 1024 1024
0 0
1024 0
0 1024
1024 1024
136 1520 1520
0 0
1520 0
0 1520
1520 1520
339
80 1200 1200
0 0
1200 0
0 1200
1200 1200
88 1166 300
0 0
1166 0
0 300
1166 300
92 221 300
0 0
221 0
0 300
221 300
94 2560 1807
0 0
2560 0
0 1807
2560 1807
95 2560 1277
0 0
2560 0
0 1277
2560 1277
105 1200 1074
0 0
1200 0
0 1074
1200 1074
114 369 268
0 0
369 0
0 268
369 268
132 2500 2500
0 0
2500 0
0 2500
2500 2500
137 900 928
0 0
900 0
0 928
900 928
340
81 350 350
0 0
350 0
0 350
350 350
89 1000 1000
0 0
1000 0
0 1000
1000 1000
93 300 300
0 0
300 0
0 300
300 300
95 2560 1277
0 0
2560 0
0 1277
2560 1277
96 1052 1052
0 0
1052 0
0 1052
1052 1052
106 4167 4167
0 0
4167 0
0 4167
4167 4167
115 1280 691
0 0
1280 0
0 691
1280 691
133 1000 1000
0 0
1000 0
0 1000
1000 1000
138 1600 1600
0 0
1600 0
0 1600
1600 1600
341
82 1138 1280
0 0
1138 0
0 1280
1138 1280
90 1200 451
0 0
1200 0
0 451
1200 451
94 2560 1807
0 0
2560 0
0 1807
2560 1807
96 1052 1052
0 0
1052 0
0 1052
1052 1052
97 1280 1280
0 0
1280 0
0 1280
1280 1280
107 391 202
0 0
391 0
0 202
391 202
116 3000 2000
0 0
3000 0
0 2000
3000 2000
134 2400 2400
0 0
2400 0
0 2400
2400 2400
139 2400 2400
0 0
2400 0
0 2400
2400 2400
342
83 2048 2048
0 0
2048 0
0 2048
2048 2048
91 2048 2048
0 0
2048 0
0 2048
2048 2048
95 2560 1277
0 0
2560 0
0 1277
2560 1277
97 1280 1280
0 0
1280 0
0 1280
1280 1280
98 1280 828
0 0
1280 0
0 828
1280 828
108 300 300
0 0
300 0
0 300
300 300
117 960 960
0 0
960 0
0 960
960 960
135 3000 2000
0 0
3000 0
0 2000
3000 2000
140 512 512
0 0
512 0
0 512
512 512
343
84 800 600
0 0
800 0
0 600
800 600
92 221 300
0 0
221 0
0 300
221 300
96 1052 1052
0 0
1052 0
0 1052
1052 1052
98 1280 828
0 0
1280 0
0 828
1280 828
99 1200 1200
0 0
1200 0
0 1200
1200 1200
109 500 500
0 0
500 0
0 500
500 500
118 242 242
0 0
242 0
0 242
242 242
136 1520 1520
0 0
1520 0
0 1520
1520 1520
141 512 512
0 0
512 0
0 512
512 512
344
85 1168 1024
0 0
1168 0
0 1024
1168 1024
93 300 300
0 0
300 0
0 300
300 300
97 1280 1280
0 0
1280 0
0 1280
1280 1280
99 1200 1200
0 0
1200 0
0 1200
1200 1200
100 3000 2000
0 0
3000 0
0 2000
3000 2000
110 3000 2336
0 0
3000 0
0 2336
3000 2336
119 1869 2048
0 0
1869 0
0 2048
1869 2048
137 900 928
0 0
900 0
0 928
900 928
142 1024 1024
0 0
1024 0
0 1024
1024 1024
345
86 288 288
0 0
288 0
0 288
288 288
94 2560 1807
0 0
2560 0
0 1807
2560 1807
98 1280 828
0 0
1280 0
0 828
1280 828
100 3000 2000
0 0
3000 0
0 2000
3000 2000
101 768 768
0 0
768 0
0 768
768 768
111 512 512
0 0
512 0
0 512
512 512
120 1200 897
0 0
1200 0
0 897
1200 897
138 1600 1600
0 0
1600 0
0 1600
1600 1600
143 2000 2000
0 0
2000 0
0 2000
2000 2000
346
87 512 512
0 0
512 0
0 512
512 512
95 2560 1277
0 0
2560 0
0 1277
2560 1277
99 1200 1200
0 0
1200 0
0 1200
1200 1200
101 768 768
0 0
768 0
0 768
768 768
102 1024 538
0 0
1024 0
0 538
1024 538
112 600 600
0 0
600 0
0 600
600 600
121 1200 549
0 0
1200 0
0 549
1200 549
139 2400 2400
0 0
2400 0
0 2400
2400 2400
144 900 678
0 0
900 0
0 678
900 678
347
88 1166 300
0 0
1166 0
0 300
1166 300
96 1052 1052
0 0
1052 0
0 1052
1052 1052
100 3000 2000
0 0
3000 0
0 2000
3000 2000
102 1024 538
0 0
1024 0
0 538
1024 538
103 2000 2000
0 0
2000 0
0 2000
2000 2000
113 1136 1280
0 0
1136 0
0 1280
1136 1280
122 285 300
0 0
285 0
0 300
285 300
140 512 512
0 0
512 0
0 512
512 512
145 4000 3453
0 0
4000 0
0 3453
4000 3453
348
89 1000 1000
0 0
1000 0
0 1000
1000 1000
97 1280 1280
0 0
1280 0
0 1280
1280 1280
101 768 768
0 0
768 0
0 768
768 768
103 2000 2000
0 0
2000 0
0 2000
2000 2000
104 2500 2500
0 0
2500 0
0 2500
2500 2500
114 369 268
0 0
369 0
0 268
369 268
123 300 375
0 0
300 0
0 375
300 375
141 512 512
0 0
512 0
0 512
512 512
146 3301 4000
0 0
3301 0
0 4000
3301 4000
349
74 242 138
0 0
242 0
0 138
242 138
90 1200 451
0 0
1200 0
0 451
1200 451
98 1280 828
0 0
1280 0
0 828
1280 828
102 1024 538
0 0
1024 0
0 538
1024 538
104 2500 2500
0 0
2500 0
0 2500
2500 2500
105 1200 1074
0 0
1200 0
0 1074
1200 1074
115 1280 691
0 0
1280 0
0 691
1280 691
124 1280 485
0 0
1280 0
0 485
1280 485
142 1024 1024
0 0
1024 0
0 1024
1024 1024
350
75 1200 1200
0 0
1200 0
0 1200
1200 1200
91 2048 2048
0 0
2048 0
0 2048
2048 2048
99 1200 1200
0 0
1200 0
0 1200
1200 1200
103 2000 2000
0 0
2000 0
0 2000
2000 2000
105 1200 1074
0 0
1200 0
0 1074
1200 1074
106 4167 4167
0 0
4167 0
0 4167
4167 4167
116 3000 2000
0 0
3000 0
0 2000
3000 2000
125 360 360
0 0
360 0
0 360
360 360
143 2000 2000
0 0
2000 0
0 2000
2000 2000
351
76 1024 1024
0 0
1024 0
0 1024
1024 1024
92 221 300
0 0
221 0
0 300
221 300
100 3000 2000
0 0
3000 0
0 2000
3000 2000
104 2500 2500
0 0
2500 0
0 2500
2500 2500
106 4167 4167
0 0
4167 0
0 4167
4167 4167
107 391 202
0 0
391 0
0 202
391 202
117 960 960
0 0
960 0
0 960
960 960
126 1982 1777
0 0
1982 0
0 1777
1982 1777
144 900 678
0 0
900 0
0 678
900 678
352
77 1755 2048
0 0
1755 0
0 2048
1755 2048
93 300 300
0 0
300 0
0 300
300 300
101 768 768
0 0
768 0
0 768
768 768
105 1200 1074
0 0
1200 0
0 1074
1200 1074
107 391 202
0 0
391 0
0 202
391 202
108 300 300
0 0
300 0
0 300
300 300
118 242 242
0 0
242 0
0 242
242 242
127 1024 1024
0 0
1024 0
0 1024
1024 1024
145 4000 3453
0 0
4000 0
0 3453
4000 3453
353
78 438 500
0 0
438 0
0 500
438 500
94 2560 1807
0 0
2560 0
0 1807
2560 1807
102 1024 538
0 0
1024 0
0 538
1024 538
106 4167 4167
0 0
4167 0
0 4167
4167 4167
108 300 300
0 0
300 0
0 300
300 300
109 500 500
0 0
500 0
0 500
500 500
119 1869 2048
0 0
1869 0
0 2048
1869 2048
128 2048 2048
0 0
2048 0
0 2048
2048 2048
146 3301 4000
0 0
3301 0
0 4000
3301 4000
354
74 242 138
0 0
242 0
0 138
242 138
79 918 1032
0 0
918 0
0 1032
918 1032
95 2560 1277
0 0
2560 0
0 1277
2560 1277
103 2000 2000
0 0
2000 0
0 2000
2000 2000
107 391 202
0 0
391 0
0 202
391 202
109 500 500
0 0
500 0
0 500
500 500
110 3000 2336
0 0
3000 0
0 2336
3000 2336
120 1200 897
0 0
1200 0
0 897
1200 897
129 767 800
0 0
767 0
0 800
767 800
355
75 1200 1200
0 0
1200 0
0 1200
1200 1200
80 1200 1200
0 0
1200 0
0 1200
1200 1200
96 1052 1052
0 0
1052 0
0 1052
1052 1052
104 2500 2500
0 0
2500 0
0 2500
2500 2500
108 300 300
0 0
300 0
0 300
300 300
110 3000 2336
0 0
3000 0
0 2336
3000 2336
111 512 512
0 0
512 0
0 512
512 512
121 1200 549
0 0
1200 0
0 549
1200 549
130 1200 1200
0 0
1200 0
0 1200
1200 1200
356
76 1024 1024
0 0
1024 0
0 1024
1024 1024
81 350 350
0 0
350 0
0 350
350 350
97 1280 1280
0 0
1280 0
0 1280
1280 1280
105 1200 1074
0 0
1200 0
0 1074
1200 1074
109 500 500
0 0
500 0
0 500
500 500
111 512 512
0 0
512 0
0 512
512 512
112 600 600
0 0
600 0
0 600
600 600
122 285 300
0 0
285 0
0 300
285 300
131 1024 1024
0 0
1024 0
0 1024
1024 1024
357
77 1755 2048
0 0
1755 0
0 2048
1755 2048
82 1138 1280
0 0
1138 0
0 1280
1138 1280
98 1280 828
0 0
1280 0
0 828
1280 828
106 4167 4167
0 0
4167 0
0 4167
4167 4167
110 3000 2336
0 0
3000 0
0 2336
3000 2336
112 600 600
0 0
600 0
0 600
600 600
113 1136 1280
0 0
1136 0
0 1280
1136 1280
123 300 375
0 0
300 0
0 375
300 375
132 2500 2500
0 0
2500 0
0 2500
2500 2500
358
78 438 500
0 0
438 0
0 500
438 500
83 2048 2048
0 0
2048 0
0 2048
2048 2048
99 1200 1200
0 0
1200 0
0 1200
1200 1200
107 391 202
0 0
391 0
0 202
391 202
111 512 512
0 0
512 0
0 512
512 512
113 1136 1280
0 0
1136 0
0 1280
1136 1280
114 369 268
0 0
369 0
0 268
369 268
124 1280 485
0 0
1280 0
0 485
1280 485
133 1000 1000
0 0
1000 0
0 1000
1000 1000
359
79 918 1032
0 0
918 0
0 1032
918 1032
84 800 600
0 0
800 0
0 600
800 600
100 3000 2000
0 0
3000 0
0 2000
3000 2000
108 300 300
0 0
300 0
0 300
300 300
112 600 600
0 0
600 0
0 600
600 600
114 369 268
0 0
369 0
0 268
369 268
115 1280 691
0 0
1280 0
0 691
1280 691
125 360 360
0 0
360 0
0 360
360 360
134 2400 2400
0 0
2400 0
0 2400
2400 2400
360
80 1200 1200
0 0
1200 0
0 1200
1200 1200
85 1168 1024
0 0
1168 0
0 1024
1168 1024
101 768 768
0 0
768 0
0 768
768 768
109 500 500
0 0
500 0
0 500
500 500
113 1136 1280
0 0
1136 0
0 1280
1136 1280
115 1280 691
0 0
1280 0
0 691
1280 691
116 3000 2000
0 0
3000 0
0 2000
3000 2000
126 1982 1777
0 0
1982 0
0 1777
1982 1777
135 3000 2000
0 0
3000 0
0 2000
3000 2000
361
81 350 350
0 0
350 0
0 350
350 350
86 288 288
0 0
288 0
0 288
288 288
102 1024 538
0 0
1024 0
0 538
1024 538
110 3000 2336
0 0
3000 0
0 2336
3000 2336
114 369 268
0 0
369 0
0 268
369 268
116 3000 2000
0 0
3000 0
0 2000
3000 2000
117 960 960
0 0
960 0
0 960
960 960
127 1024 1024
0 0
1024 0
0 1024
1024 1024
136 1520 1520
0 0
1520 0
0 1520
1520 1520
362
82 1138 1280
0 0
1138 0
0 1280
1138 1280
87 512 512
0 0
512 0
0 512
512 512
103 2000 2000
0 0
2000 0
0 2000
2000 2000
111 512 512
0 0
512 0
0 512
512 512
115 1280 691
0 0
1280 0
0 691
1280 691
117 960 960
0 0
960 0
0 960
960 960
118 242 242
0 0
242 0
0 242
242 242
128 2048 2048
0 0
2048 0
0 2048
2048 2048
137 900 928
0 0
900 0
0 928
900 928
363
83 2048 2048
0 0
2048 0
0 2048
2048 2048
88 1166 300
0 0
1166 0
0 300
1166 300
104 2500 2500
0 0
2500 0
0 2500
2500 2500
112 600 600
0 0
600 0
0 600
600 600
116 3000 2000
0 0
3000 0
0 2000
3000 2000
118 242 242
0 0
242 0
0 242
242 242
119 1869 2048
0 0
1869 0
0 2048
1869 2048
129 767 800
0 0
767 0
0 800
767 800
138 1600 1600
0 0
1600 0
0 1600
1600 1600
364
84 800 600
0 0
800 0
0 600
800 600
89 1000 1000
0 0
1000 0
0 1000
1000 1000
105 1200 1074
0 0
1200 0
0 1074
1200 1074
113 1136 1280
0 0
1136 0
0 1280
1136 1280
117 960 960
0 0
960 0
0 960
960 960
119 1869 2048
0 0
1869 0
0 2048
1869 2048
120 1200 897
0 0
1200 0
0 897
1200 897
130 1200 1200
0 0
1200 0
0 1200
1200 1200
139 2400 2400
0 0
2400 0
0 2400
2400 2400
365
85 1168 1024
0 0
1168 0
0 1024
1168 1024
90 1200 451
0 0
1200 0
0 451
1200 451
106 4167 4167
0 0
4167 0
0 4167
4167 4167
114 369 268
0 0
369 0
0 268
369 268
118 242 242
0 0
242 0
0 242
242 242
120 1200 897
0 0
1200 0
0 897
1200 897
121 1200 549
0 0
1200 0
0 549
1200 549
131 1024 1024
0 0
1024 0
0 1024
1024 1024
140 512 512
0 0
512 0
0 512
512 512
366
86 288 288
0 0
288 0
0 288
288 288
91 2048 2048
0 0
2048 0
0 2048
2048 2048
107 391 202
0 0
391 0
0 202
391 202
115 1280 691
0 0
1280 0
0 691
1280 691
119 1869 2048
0 0
1869 0
0 2048
1869 2048
121 1200 549
0 0
1200 0
0 549
1200 549
122 285 300
0 0
285 0
0 300
285 300
132 2500 2500
0 0
2500 0
0 2500
2500 2500
141 512 512
0 0
512 0
0 512
512 512
367
87 512 512
0 0
512 0
0 512
512 512
92 221 300
0 0
221 0
0 300
221 300
108 300 300
0 0
300 0
0 300
300 300
116 3000 2000
0 0
3000 0
0 2000
3000 2000
120 1200 897
0 0
1200 0
0 897
1200 897
122 285 300
0 0
285 0
0 300
285 300
123 300 375
0 0
300 0
0 375
300 375
133 1000 1000
0 0
1000 0
0 1000
1000 1000
142 1024 1024
0 0
1024 0
0 1024
1024 1024
368
88 1166 300
0 0
1166 0
0 300
1166 300
93 300 300
0 0
300 0
0 300
300 300
109 500 500
0 0
500 0
0 500
500 500
117 960 960
0 0
960 0
0 960
960 960
121 1200 549
0 0
1200 0
0 549
1200 549
123 300 375
0 0
300 0
0 375
300 375
124 1280 485
0 0
1280 0
0 485
1280 485
134 2400 2400
0 0
2400 0
0 2400
2400 2400
143 2000 2000
0 0
2000 0
0 2000
2000 2000
369
89 1000 1000
0 0
1000 0
0 1000
1000 1000
94 2560 1807
0 0
2560 0
0 1807
2560 1807
110 3000 2336
0 0
3000 0
0 2336
3000 2336
118 242 242
0 0
242 0
0 242
242 242
122 285 300
0 0
285 0
0 300
285 300
124 1280 485
0 0
1280 0
0 485
1280 485
125 360 360
0 0
360 0
0 360
360 360
135 3000 2000
0 0
3000 0
0 2000
3000 2000
144 900 678
0 0
900 0
0 678
900 678
370
90 1200 451
0 0
1200 0
0 451
1200 451
95 2560 1277
0 0
2560 0
0 1277
2560 1277
111 512 512
0 0
512 0
0 512
512 512
119 1869 2048
0 0
1869 0
0 2048
1869 2048
123 300 375
0 0
300 0
0 375
300 375
125 360 360
0 0
360 0
0 360
360 360
126 1982 1777
0 0
1982 0
0 1777
1982 1777
136 1520 1520
0 0
1520 0
0 1520
1520 1520
145 4000 3453
0 0
4000 0
0 3453
4000 3453
371
91 2048 2048
0 0
2048 0
0 2048
2048 2048
96 1052 1052
0 0
1052 0
0 1052
1052 1052
112 600 600
0 0
600 0
0 600
600 600
120 1200 897
0 0
1200 0
0 897
1200 897
124 1280 485
0 0
1280 0
0 485
1280 485
126 1982 1777
0 0
1982 0
0 1777
1982 1777
127 1024 1024
0 0
1024 0
0 1024
1024 1024
137 900 928
0 0
900 0
0 928
900 928
146 3301 4000
0 0
3301 0
0 4000
3301 4000
372
74 242 138
0 0
242 0
0 138
242 138
92 221 300
0 0
221 0
0 300
221 300
97 1280 1280
0 0
1280 0
0 1280
1280 1280
113 1136 1280
0 0
1136 0
0 1280
1136 1280
121 1200 549
0 0
1200 0
0 549
1200 549
125 360 360
0 0
360 0
0 360
360 360
127 1024 1024
0 0
1024 0
0 1024
1024 1024
128 2048 2048
0 0
2048 0
0 2048
2048 2048
138 1600 1600
0 0
1600 0
0 1600
1600 1600
373
75 1200 1200
0 0
1200 0
0 1200
1200 1200
93 300 300
0 0
300 0
0 300
300 300
98 1280 828
0 0
1280 0
0 828
1280 828
114 369 268
0 0
369 0
0 268
369 268
122 285 300
0 0
285 0
0 300
285 300
126 1982 1777
0 0
1982 0
0 1777
1982 1777
128 2048 2048
0 0
2048 0
0 2048
2048 2048
129 767 800
0 0
767 0
0 800
767 800
139 2400 2400
0 0
2400 0
0 2400
2400 2400
374
76 1024 1024
0 0
1024 0
0 1024
1024 1024
94 2560 1807
0 0
2560 0
0 1807
2560 1807
99 1200 1200
0 0
1200 0
0 1200
1200 1200
115 1280 691
0 0
1280 0
0 691
1280 691
123 300 375
0 0
300 0
0 375
300 375
127 1024 1024
0 0
1024 0
0 1024
1024 1024
129 767 800
0 0
767 0
0 800
767 800
130 1200 1200
0 0
1200 0
0 1200
1200 1200
140 512 512
0 0
512 0
0 512
512 512
375
77 1755 2048
0 0
1755 0
0 2048
1755 2048
95 2560 1277
0 0
2560 0
0 1277
2560 1277
100 3000 2000
0 0
3000 0
0 2000
3000 2000
116 3000 2000
0 0
3000 0
0 2000
3000 2000
124 1280 485
0 0
1280 0
0 485
1280 485
128 2048 2048
0 0
2048 0
0 2048
2048 2048
130 1200 1200
0 0
1200 0
0 1200
1200 1200
131 1024 1024
0 0
1024 0
0 1024
1024 1024
141 512 512
0 0
512 0
0 512
512 512
376
78 438 500
0 0
438 0
0 500
438 500
96 1052 1052
0 0
1052 0
0 1052
1052 1052
101 768 768
0 0
768 0
0 768
768 768
117 960 960
0 0
960 0
0 960
960 960
125 360 360
0 0
360 0
0 360
360 360
129 767 800
0 0
767 0
0 800
767 800
131 1024 1024
0 0
1024 0
0 1024
1024 1024
132 2500 2500
0 0
2500 0
0 2500
2500 2500
142 1024 1024
0 0
1024 0
0 1024
1024 1024
377
79 918 1032
0 0
918 0
0 1032
918 1032
97 1280 1280
0 0
1280 0
0 1280
1280 1280
102 1024 538
0 0
1024 0
0 538
1024 538
118 242 242
0 0
242 0
0 242
242 242
126 1982 1777
0 0
1982 0
0 1777
1982 1777
130 1200 1200
0 0
1200 0
0 1200
1200 1200
132 2500 2500
0 0
2500 0
0 2500
2500 2500
133 1000 1000
0 0
1000 0
0 1000
1000 1000
143 2000 2000
0 0
2000 0
0 2000
2000 2000
378
80 1200 1200
0 0
1200 0
0 1200
1200 1200
98 1280 828
0 0
1280 0
0 828
1280 828
103 2000 2000
0 0
2000 0
0 2000
2000 2000
119 1869 2048
0 0
1869 0
0 2048
1869 2048
127 1024 1024
0 0
1024 0
0 1024
1024 1024
131 1024 1024
0 0
1024 0
0 1024
1024 1024
133 1000 1000
0 0
1000 0
0 1000
1000 1000
134 2400 2400
0 0
2400 0
0 2400
2400 2400
144 900 678
0 0
900 0
0 678
900 678
379
81 350 350
0 0
350 0
0 350
350 350
99 1200 1200
0 0
1200 0
0 1200
1200 1200
104 2500 2500
0 0
2500 0
0 2500
2500 2500
120 1200 897
0 0
1200 0
0 897
1200 897
128 2048 2048
0 0
2048 0
0 2048
2048 2048
132 2500 2500
0 0
2500 0
0 2500
2500 2500
134 2400 2400
0 0
2400 0
0 2400
2400 2400
135 3000 2000
0 0
3000 0
0 2000
3000 2000
145 4000 3453
0 0
4000 0
0 3453
4000 3453
380
82 1138 1280
0 0
1138 0
0 1280
1138 1280
100 3000 2000
0 0
3000 0
0 2000
3000 2000
105 1200 1074
0 0
1200 0
0 1074
1200 1074
121 1200 549
0 0
1200 0
0 549
1200 549
129 767 800
0 0
767 0
0 800
767 800
133 1000 1000
0 0
1000 0
0 1000
1000 1000
135 3000 2000
0 0
3000 0
0 2000
3000 2000
136 1520 1520
0 0
1520 0
0 1520
1520 1520
146 3301 4000
0 0
3301 0
0 4000
3301 4000
381
74 242 138
0 0
242 0
0 138
242 138
83 2048 2048
0 0
2048 0
0 2048
2048 2048
101 768 768
0 0
768 0
0 768
768 768
106 4167 4167
0 0
4167 0
0 4167
4167 4167
122 285 300
0 0
285 0
0 300
285 300
130 1200 1200
0 0
1200 0
0 1200
1200 1200
134 2400 2400
0 0
2400 0
0 2400
2400 2400
136 1520 1520
0 0
1520 0
0 1520
1520 1520
137 900 928
0 0
900 0
0 928
900 928
382
75 1200 1200
0 0
1200 0
0 1200
1200 1200
84 800 600
0 0
800 0
0 600
800 600
102 1024 538
0 0
1024 0
0 538
1024 538
107 391 202
0 0
391 0
0 202
391 202
123 300 375
0 0
300 0
0 375
300 375
131 1024 1024
0 0
1024 0
0 1024
1024 1024
135 3000 2000
0 0
3000 0
0 2000
3000 2000
137 900 928
0 0
900 0
0 928
900 928
138 1600 1600
0 0
1600 0
0 1600
1600 1600
383
76 1024 1024
0 0
1024 0
0 1024
1024 1024
85 1168 1024
0 0
1168 0
0 1024
1168 1024
103 2000 2000
0 0
2000 0
0 2000
2000 2000
108 300 300
0 0
300 0
0 300
300 300
124 1280 485
0 0
1280 0
0 485
1280 485
132 2500 2500
0 0
2500 0
0 2500
2500 2500
136 1520 1520
0 0
1520 0
0 1520
1520 1520
138 1600 1600
0 0
1600 0
0 1600
1600 1600
139 2400 2400
0 0
2400 0
0 2400
2400 2400
384
77 1755 2048
0 0
1755 0
0 2048
1755 2048
86 288 288
0 0
288 0
0 288
288 288
104 2500 2500
0 0
2500 0
0 2500
2500 2500
109 500 500
0 0
500 0
0 500
500 500
125 360 360
0 0
360 0
0 360
360 360
133 1000 1000
0 0
1000 0
0 1000
1000 1000
137 900 928
0 0
900 0
0 928
900 928
139 2400 2400
0 0
2400 0
0 2400
2400 2400
140 512 512
0 0
512 0
0 512
512 512
385
78 438 500
0 0
438 0
0 500
438 500
87 512 512
0 0
512 0
0 512
512 512
105 1200 1074
0 0
1200 0
0 1074
1200 1074
110 3000 2336
0 0
3000 0
0 2336
3000 2336
126 1982 1777
0 0
1982 0
0 1777
1982 1777
134 2400 2400
0 0
2400 0
0 2400
2400 2400
138 1600 1600
0 0
1600 0
0 1600
1600 1600
140 512 512
0 0
512 0
0 512
512 512
141 512 512
0 0
512 0
0 512
512 512
386
79 918 1032
0 0
918 0
0 1032
918 1032
88 1166 300
0 0
1166 0
0 300
1166 300
106 4167 4167
0 0
4167 0
0 4167
4167 4167
111 512 512
0 0
512 0
0 512
512 512
127 1024 1024
0 0
1024 0
0 1024
1024 1024
135 3000 2000
0 0
3000 0
0 2000
3000 2000
139 2400 2400
0 0
2400 0
0 2400
2400 2400
141 512 512
0 0
512 0
0 512
512 512
142 1024 1024
0 0
1024 0
0 1024
1024 1024
387
80 1200 1200
0 0
1200 0
0 1200
1200 1200
89 1000 1000
0 0
1000 0
0 1000
1000 1000
107 391 202
0 0
391 0
0 202
391 202
112 600 600
0 0
600 0
0 600
600 600
128 2048 2048
0 0
2048 0
0 2048
2048 2048
136 1520 1520
0 0
1520 0
0 1520
1520 1520
140 512 512
0 0
512 0
0 512
512 512
142 1024 1024
0 0
1024 0
0 1024
1024 1024
143 2000 2000
0 0
2000 0
0 2000
2000 2000
388
81 350 350
0 0
350 0
0 350
350 350
90 1200 451
0 0
1200 0
0 451
1200 451
108 300 300
0 0
300 0
0 300
300 300
113 1136 1280
0 0
1136 0
0 1280
1136 1280
129 767 800
0 0
767 0
0 800
767 800
137 900 928
0 0
900 0
0 928
900 928
141 512 512
0 0
512 0
0 512
512 512
143 2000 2000
0 0
2000 0
0 2000
2000 2000
144 900 678
0 0
900 0
0 678
900 678
389
82 1138 1280
0 0
1138 0
0 1280
1138 1280
91 2048 2048
0 0
2048 0
0 2048
2048 2048
109 500 500
0 0
500 0
0 500
500 500
114 369 268
0 0
369 0
0 268
369 268
130 1200 1200
0 0
1200 0
0 1200
1200 1200
138 1600 1600
0 0
1600 0
0 1600
1600 1600
142 1024 1024
0 0
1024 0
0 1024
1024 1024
144 900 678
0 0
900 0
0 678
900 678
145 4000 3453
0 0
4000 0
0 3453
4000 3453
390
83 2048 2048
0 0
2048 0
0 2048
2048 2048
92 221 300
0 0
221 0
0 300
221 300
110 3000 2336
0 0
3000 0
0 2336
3000 2336
115 1280 691
0 0
1280 0
0 691
1280 691
131 1024 1024
0 0
1024 0
0 1024
1024 1024
139 2400 2400
0 0
2400 0
0 2400
2400 2400
143 2000 2000
0 0
2000 0
0 2000
2000 2000
145 4000 3453
0 0
4000 0
0 3453
4000 3453
146 3301 4000
0 0
3301 0
0 4000
3301 4000
