4 8
66
1 2500 596
0 0
2500 0
0 596
2500 596
6 2100 2493
0 0
2100 0
0 2493
2100 2493
15 512 512
0 0
512 0
0 512
512 512
22 2400 2400
0 0
2400 0
0 2400
2400 2400
26 1600 1600
0 0
1600 0
0 1600
1600 1600
45 920 920
0 0
920 0
0 920
920 920
55 3700 4349
0 0
3700 0
0 4349
3700 4349
57 512 512
0 0
512 0
0 512
512 512
67
1 2500 596
0 0
2500 0
0 596
2500 596
2 440 241
0 0
440 0
0 241
440 241
7 823 826
0 0
823 0
0 826
823 826
16 684 1024
0 0
684 0
0 1024
684 1024
23 1000 1000
0 0
1000 0
0 1000
1000 1000
27 500 330
0 0
500 0
0 330
500 330
46 600 450
0 0
600 0
0 450
600 450
56 1024 1024
0 0
1024 0
0 1024
1024 1024
68
2 440 241
0 0
440 0
0 241
440 241
3 360 360
0 0
360 0
0 360
360 360
8 512 512
0 0
512 0
0 512
512 512
17 2083 2083
0 0
2083 0
0 2083
2083 2083
24 505 411
0 0
505 0
0 411
505 411
28 2048 2048
0 0
2048 0
0 2048
2048 2048
47 1600 1600
0 0
1600 0
0 1600
1600 1600
57 512 512
0 0
512 0
0 512
512 512
69
1 2500 596
0 0
2500 0
0 596
2500 596
3 360 360
0 0
360 0
0 360
360 360
4 1179 1024
0 0
1179 0
0 1024
1179 1024
9 800 800
0 0
800 0
0 800
800 800
18 512 512
0 0
512 0
0 512
512 512
25 2400 2213
0 0
2400 0
0 2213
2400 2213
29 1024 1024
0 0
1024 0
0 1024
1024 1024
48 512 512
0 0
512 0
0 512
512 512
70
2 440 241
0 0
440 0
0 241
440 241
4 1179 1024
0 0
1179 0
0 1024
1179 1024
5 512 512
0 0
512 0
0 512
512 512
10 1920 1920
0 0
1920 0
0 1920
1920 1920
19 2400 2400
0 0
2400 0
0 2400
2400 2400
26 1600 1600
0 0
1600 0
0 1600
1600 1600
30 1250 1250
0 0
1250 0
0 1250
1250 1250
49 2400 2400
0 0
2400 0
0 2400
2400 2400
71
3 360 360
0 0
360 0
0 360
360 360
5 512 512
0 0
512 0
0 512
512 512
6 2100 2493
0 0
2100 0
0 2493
2100 2493
11 1024 1024
0 0
1024 0
0 1024
1024 1024
20 1800 1013
0 0
1800 0
0 1013
1800 1013
27 500 330
0 0
500 0
0 330
500 330
31 2400 2250
0 0
2400 0
0 2250
2400 2250
50 1024 1024
0 0
1024 0
0 1024
1024 1024
72
4 1179 1024
0 0
1179 0
0 1024
1179 1024
6 2100 2493
0 0
2100 0
0 2493
2100 2493
7 823 826
0 0
823 0
0 826
823 826
12 1000 1000
0 0
1000 0
0 1000
1000 1000
21 800 800
0 0
800 0
0 800
800 800
28 2048 2048
0 0
2048 0
0 2048
2048 2048
32 1000 1000
0 0
1000 0
0 1000
1000 1000
51 920 782
0 0
920 0
0 782
920 782
73
5 512 512
0 0
512 0
0 512
512 512
7 823 826
0 0
823 0
0 826
823 826
8 512 512
0 0
512 0
0 512
512 512
13 256 256
0 0
256 0
0 256
256 256
22 2400 2400
0 0
2400 0
0 2400
2400 2400
29 1024 1024
0 0
1024 0
0 1024
1024 1024
33 671 723
0 0
671 0
0 723
671 723
52 1024 1024
0 0
1024 0
0 1024
1024 1024
74
6 2100 2493
0 0
2100 0
0 2493
2100 2493
8 512 512
0 0
512 0
0 512
512 512
9 800 800
0 0
800 0
0 800
800 800
14 844 121
0 0
844 0
0 121
844 121
23 1000 1000
0 0
1000 0
0 1000
1000 1000
30 1250 1250
0 0
1250 0
0 1250
1250 1250
34 1200 1306
0 0
1200 0
0 1306
1200 1306
53 4336 5000
0 0
4336 0
0 5000
4336 5000
75
7 823 826
0 0
823 0
0 826
823 826
9 800 800
0 0
800 0
0 800
800 800
10 1920 1920
0 0
1920 0
0 1920
1920 1920
15 512 512
0 0
512 0
0 512
512 512
24 505 411
0 0
505 0
0 411
505 411
31 2400 2250
0 0
2400 0
0 2250
2400 2250
35 1600 1600
0 0
1600 0
0 1600
1600 1600
54 600 600
0 0
600 0
0 600
600 600
76
8 512 512
0 0
512 0
0 512
512 512
10 1920 1920
0 0
1920 0
0 1920
1920 1920
11 1024 1024
0 0
1024 0
0 1024
1024 1024
16 684 1024
0 0
684 0
0 1024
684 1024
25 2400 2213
0 0
2400 0
0 2213
2400 2213
32 1000 1000
0 0
1000 0
0 1000
1000 1000
36 800 800
0 0
800 0
0 800
800 800
55 3700 4349
0 0
3700 0
0 4349
3700 4349
77
9 800 800
0 0
800 0
0 800
800 800
11 1024 1024
0 0
1024 0
0 1024
1024 1024
12 1000 1000
0 0
1000 0
0 1000
1000 1000
17 2083 2083
0 0
2083 0
0 2083
2083 2083
26 1600 1600
0 0
1600 0
0 1600
1600 1600
33 671 723
0 0
671 0
0 723
671 723
37 3442 2700
0 0
3442 0
0 2700
3442 2700
56 1024 1024
0 0
1024 0
0 1024
1024 1024
78
10 1920 1920
0 0
1920 0
0 1920
1920 1920
12 1000 1000
0 0
1000 0
0 1000
1000 1000
13 256 256
0 0
256 0
0 256
256 256
18 512 512
0 0
512 0
0 512
512 512
27 500 330
0 0
500 0
0 330
500 330
34 1200 1306
0 0
1200 0
0 1306
1200 1306
38 512 512
0 0
512 0
0 512
512 512
57 512 512
0 0
512 0
0 512
512 512
79
1 2500 596
0 0
2500 0
0 596
2500 596
11 1024 1024
0 0
1024 0
0 1024
1024 1024
13 256 256
0 0
256 0
0 256
256 256
14 844 121
0 0
844 0
0 121
844 121
19 2400 2400
0 0
2400 0
0 2400
2400 2400
28 2048 2048
0 0
2048 0
0 2048
2048 2048
35 1600 1600
0 0
1600 0
0 1600
1600 1600
39 512 512
0 0
512 0
0 512
512 512
80
2 440 241
0 0
440 0
0 241
440 241
12 1000 1000
0 0
1000 0
0 1000
1000 1000
14 844 121
0 0
844 0
0 121
844 121
15 512 512
0 0
512 0
0 512
512 512
20 1800 1013
0 0
1800 0
0 1013
1800 1013
29 1024 1024
0 0
1024 0
0 1024
1024 1024
36 800 800
0 0
800 0
0 800
800 800
40 1024 512
0 0
1024 0
0 512
1024 512
81
3 360 360
0 0
360 0
0 360
360 360
13 256 256
0 0
256 0
0 256
256 256
15 512 512
0 0
512 0
0 512
512 512
16 684 1024
0 0
684 0
0 1024
684 1024
21 800 800
0 0
800 0
0 800
800 800
30 1250 1250
0 0
1250 0
0 1250
1250 1250
37 3442 2700
0 0
3442 0
0 2700
3442 2700
41 5000 3000
0 0
5000 0
0 3000
5000 3000
82
4 1179 1024
0 0
1179 0
0 1024
1179 1024
14 844 121
0 0
844 0
0 121
844 121
16 684 1024
0 0
684 0
0 1024
684 1024
17 2083 2083
0 0
2083 0
0 2083
2083 2083
22 2400 2400
0 0
2400 0
0 2400
2400 2400
31 2400 2250
0 0
2400 0
0 2250
2400 2250
38 512 512
0 0
512 0
0 512
512 512
42 1024 1024
0 0
1024 0
0 1024
1024 1024
83
5 512 512
0 0
512 0
0 512
512 512
15 512 512
0 0
512 0
0 512
512 512
17 2083 2083
0 0
2083 0
0 2083
2083 2083
18 512 512
0 0
512 0
0 512
512 512
23 1000 1000
0 0
1000 0
0 1000
1000 1000
32 1000 1000
0 0
1000 0
0 1000
1000 1000
39 512 512
0 0
512 0
0 512
512 512
43 1122 1024
0 0
1122 0
0 1024
1122 1024
84
6 2100 2493
0 0
2100 0
0 2493
2100 2493
16 684 1024
0 0
684 0
0 1024
684 1024
18 512 512
0 0
512 0
0 512
512 512
19 2400 2400
0 0
2400 0
0 2400
2400 2400
24 505 411
0 0
505 0
0 411
505 411
33 671 723
0 0
671 0
0 723
671 723
40 1024 512
0 0
1024 0
0 512
1024 512
44 1024 1024
0 0
1024 0
0 1024
1024 1024
85
7 823 826
0 0
823 0
0 826
823 826
17 2083 2083
0 0
2083 0
0 2083
2083 2083
19 2400 2400
0 0
2400 0
0 2400
2400 2400
20 1800 1013
0 0
1800 0
0 1013
1800 1013
25 2400 2213
0 0
2400 0
0 2213
2400 2213
34 1200 1306
0 0
1200 0
0 1306
1200 1306
41 5000 3000
0 0
5000 0
0 3000
5000 3000
45 920 920
0 0
920 0
0 920
920 920
86
8 512 512
0 0
512 0
0 512
512 512
18 512 512
0 0
512 0
0 512
512 512
20 1800 1013
0 0
1800 0
0 1013
1800 1013
21 800 800
0 0
800 0
0 800
800 800
26 1600 1600
0 0
1600 0
0 1600
1600 1600
35 1600 1600
0 0
1600 0
0 1600
1600 1600
42 1024 1024
0 0
1024 0
0 1024
1024 1024
46 600 450
0 0
600 0
0 450
600 450
87
9 800 800
0 0
800 0
0 800
800 800
19 2400 2400
0 0
2400 0
0 2400
2400 2400
21 800 800
0 0
800 0
0 800
800 800
22 2400 2400
0 0
2400 0
0 2400
2400 2400
27 500 330
0 0
500 0
0 330
500 330
36 800 800
0 0
800 0
0 800
800 800
43 1122 1024
0 0
1122 0
0 1024
1122 1024
47 1600 1600
0 0
1600 0
0 1600
1600 1600
88
10 1920 1920
0 0
1920 0
0 1920
1920 1920
20 1800 1013
0 0
1800 0
0 1013
1800 1013
22 2400 2400
0 0
2400 0
0 2400
2400 2400
23 1000 1000
0 0
1000 0
0 1000
1000 1000
28 2048 2048
0 0
2048 0
0 2048
2048 2048
37 3442 2700
0 0
3442 0
0 2700
3442 2700
44 1024 1024
0 0
1024 0
0 1024
1024 1024
48 512 512
0 0
512 0
0 512
512 512
89
11 1024 1024
0 0
1024 0
0 1024
1024 1024
21 800 800
0 0
800 0
0 800
800 800
23 1000 1000
0 0
1000 0
0 1000
1000 1000
24 505 411
0 0
505 0
0 411
505 411
29 1024 1024
0 0
1024 0
0 1024
1024 1024
38 512 512
0 0
512 0
0 512
512 512
45 920 920
0 0
920 0
0 920
920 920
49 2400 2400
0 0
2400 0
0 2400
2400 2400
90
12 1000 1000
0 0
1000 0
0 1000
1000 1000
22 2400 2400
0 0
2400 0
0 2400
2400 2400
24 505 411
0 0
505 0
0 411
505 411
25 2400 2213
0 0
2400 0
0 2213
2400 2213
30 1250 1250
0 0
1250 0
0 1250
1250 1250
39 512 512
0 0
512 0
0 512
512 512
46 600 450
0 0
600 0
0 450
600 450
50 1024 1024
0 0
1024 0
0 1024
1024 1024
91
13 256 256
0 0
256 0
0 256
256 256
23 1000 1000
0 0
1000 0
0 1000
1000 1000
25 2400 2213
0 0
2400 0
0 2213
2400 2213
26 1600 1600
0 0
1600 0
0 1600
1600 1600
31 2400 2250
0 0
2400 0
0 2250
2400 2250
40 1024 512
0 0
1024 0
0 512
1024 512
47 1600 1600
0 0
1600 0
0 1600
1600 1600
51 920 782
0 0
920 0
0 782
920 782
92
14 844 121
0 0
844 0
0 121
844 121
24 505 411
0 0
505 0
0 411
505 411
26 1600 1600
0 0
1600 0
0 1600
1600 1600
27 500 330
0 0
500 0
0 330
500 330
32 1000 1000
0 0
1000 0
0 1000
1000 1000
41 5000 3000
0 0
5000 0
0 3000
5000 3000
48 512 512
0 0
512 0
0 512
512 512
52 1024 1024
0 0
1024 0
0 1024
1024 1024
93
15 512 512
0 0
512 0
0 512
512 512
25 2400 2213
0 0
2400 0
0 2213
2400 2213
27 500 330
0 0
500 0
0 330
500 330
28 2048 2048
0 0
2048 0
0 2048
2048 2048
33 671 723
0 0
671 0
0 723
671 723
42 1024 1024
0 0
1024 0
0 1024
1024 1024
49 2400 2400
0 0
2400 0
0 2400
2400 2400
53 4336 5000
0 0
4336 0
0 5000
4336 5000
94
16 684 1024
0 0
684 0
0 1024
684 1024
26 1600 1600
0 0
1600 0
0 1600
1600 1600
28 2048 2048
0 0
2048 0
0 2048
2048 2048
29 1024 1024
0 0
1024 0
0 1024
1024 1024
34 1200 1306
0 0
1200 0
0 1306
1200 1306
43 1122 1024
0 0
1122 0
0 1024
1122 1024
50 1024 1024
0 0
1024 0
0 1024
1024 1024
54 600 600
0 0
600 0
0 600
600 600
95
17 2083 2083
0 0
2083 0
0 2083
2083 2083
27 500 330
0 0
500 0
0 330
500 330
29 1024 1024
0 0
1024 0
0 1024
1024 1024
30 1250 1250
0 0
1250 0
0 1250
1250 1250
35 1600 1600
0 0
1600 0
0 1600
1600 1600
44 1024 1024
0 0
1024 0
0 1024
1024 1024
51 920 782
0 0
920 0
0 782
920 782
55 3700 4349
0 0
3700 0
0 4349
3700 4349
96
18 512 512
0 0
512 0
0 512
512 512
28 2048 2048
0 0
2048 0
0 2048
2048 2048
30 1250 1250
0 0
1250 0
0 1250
1250 1250
31 2400 2250
0 0
2400 0
0 2250
2400 2250
36 800 800
0 0
800 0
0 800
800 800
45 920 920
0 0
920 0
0 920
920 920
52 1024 1024
0 0
1024 0
0 1024
1024 1024
56 1024 1024
0 0
1024 0
0 1024
1024 1024
97
19 2400 2400
0 0
2400 0
0 2400
2400 2400
29 1024 1024
0 0
1024 0
0 1024
1024 1024
31 2400 2250
0 0
2400 0
0 2250
2400 2250
32 1000 1000
0 0
1000 0
0 1000
1000 1000
37 3442 2700
0 0
3442 0
0 2700
3442 2700
46 600 450
0 0
600 0
0 450
600 450
53 4336 5000
0 0
4336 0
0 5000
4336 5000
57 512 512
0 0
512 0
0 512
512 512
98
1 2500 596
0 0
2500 0
0 596
2500 596
20 1800 1013
0 0
1800 0
0 1013
1800 1013
30 1250 1250
0 0
1250 0
0 1250
1250 1250
32 1000 1000
0 0
1000 0
0 1000
1000 1000
33 671 723
0 0
671 0
0 723
671 723
38 512 512
0 0
512 0
0 512
512 512
47 1600 1600
0 0
1600 0
0 1600
1600 1600
54 600 600
0 0
600 0
0 600
600 600
99
2 440 241
0 0
440 0
0 241
440 241
21 800 800
0 0
800 0
0 800
800 800
31 2400 2250
0 0
2400 0
0 2250
2400 2250
33 671 723
0 0
671 0
0 723
671 723
34 1200 1306
0 0
1200 0
0 1306
1200 1306
39 512 512
0 0
512 0
0 512
512 512
48 512 512
0 0
512 0
0 512
512 512
55 3700 4349
0 0
3700 0
0 4349
3700 4349
100
3 360 360
0 0
360 0
0 360
360 360
22 2400 2400
0 0
2400 0
0 2400
2400 2400
32 1000 1000
0 0
1000 0
0 1000
1000 1000
34 1200 1306
0 0
1200 0
0 1306
1200 1306
35 1600 1600
0 0
1600 0
0 1600
1600 1600
40 1024 512
0 0
1024 0
0 512
1024 512
49 2400 2400
0 0
2400 0
0 2400
2400 2400
56 1024 1024
0 0
1024 0
0 1024
1024 1024
101
4 1179 1024
0 0
1179 0
0 1024
1179 1024
23 1000 1000
0 0
1000 0
0 1000
1000 1000
33 671 723
0 0
671 0
0 723
671 723
35 1600 1600
0 0
1600 0
0 1600
1600 1600
36 800 800
0 0
800 0
0 800
800 800
41 5000 3000
0 0
5000 0
0 3000
5000 3000
50 1024 1024
0 0
1024 0
0 1024
1024 1024
57 512 512
0 0
512 0
0 512
512 512
102
1 2500 596
0 0
2500 0
0 596
2500 596
5 512 512
0 0
512 0
0 512
512 512
24 505 411
0 0
505 0
0 411
505 411
34 1200 1306
0 0
1200 0
0 1306
1200 1306
36 800 800
0 0
800 0
0 800
800 800
37 3442 2700
0 0
3442 0
0 2700
3442 2700
42 1024 1024
0 0
1024 0
0 1024
1024 1024
51 920 782
0 0
920 0
0 782
920 782
103
2 440 241
0 0
440 0
0 241
440 241
6 2100 2493
0 0
2100 0
0 2493
2100 2493
25 2400 2213
0 0
2400 0
0 2213
2400 2213
35 1600 1600
0 0
1600 0
0 1600
1600 1600
37 3442 2700
0 0
3442 0
0 2700
3442 2700
38 512 512
0 0
512 0
0 512
512 512
43 1122 1024
0 0
1122 0
0 1024
1122 1024
52 1024 1024
0 0
1024 0
0 1024
1024 1024
104
3 360 360
0 0
360 0
0 360
360 360
7 823 826
0 0
823 0
0 826
823 826
26 1600 1600
0 0
1600 0
0 1600
1600 1600
36 800 800
0 0
800 0
0 800
800 800
38 512 512
0 0
512 0
0 512
512 512
39 512 512
0 0
512 0
0 512
512 512
44 1024 1024
0 0
1024 0
0 1024
1024 1024
53 4336 5000
0 0
4336 0
0 5000
4336 5000
105
4 1179 1024
0 0
1179 0
0 1024
1179 1024
8 512 512
0 0
512 0
0 512
512 512
27 500 330
0 0
500 0
0 330
500 330
37 3442 2700
0 0
3442 0
0 2700
3442 2700
39 512 512
0 0
512 0
0 512
512 512
40 1024 512
0 0
1024 0
0 512
1024 512
45 920 920
0 0
920 0
0 920
920 920
54 600 600
0 0
600 0
0 600
600 600
106
5 512 512
0 0
512 0
0 512
512 512
9 800 800
0 0
800 0
0 800
800 800
28 2048 2048
0 0
2048 0
0 2048
2048 2048
38 512 512
0 0
512 0
0 512
512 512
40 1024 512
0 0
1024 0
0 512
1024 512
41 5000 3000
0 0
5000 0
0 3000
5000 3000
46 600 450
0 0
600 0
0 450
600 450
55 3700 4349
0 0
3700 0
0 4349
3700 4349
107
6 2100 2493
0 0
2100 0
0 2493
2100 2493
10 1920 1920
0 0
1920 0
0 1920
1920 1920
29 1024 1024
0 0
1024 0
0 1024
1024 1024
39 512 512
0 0
512 0
0 512
512 512
41 5000 3000
0 0
5000 0
0 3000
5000 3000
42 1024 1024
0 0
1024 0
0 1024
1024 1024
47 1600 1600
0 0
1600 0
0 1600
1600 1600
56 1024 1024
0 0
1024 0
0 1024
1024 1024
108
7 823 826
0 0
823 0
0 826
823 826
11 1024 1024
0 0
1024 0
0 1024
1024 1024
30 1250 1250
0 0
1250 0
0 1250
1250 1250
40 1024 512
0 0
1024 0
0 512
1024 512
42 1024 1024
0 0
1024 0
0 1024
1024 1024
43 1122 1024
0 0
1122 0
0 1024
1122 1024
48 512 512
0 0
512 0
0 512
512 512
57 512 512
0 0
512 0
0 512
512 512
109
1 2500 596
0 0
2500 0
0 596
2500 596
8 512 512
0 0
512 0
0 512
512 512
12 1000 1000
0 0
1000 0
0 1000
1000 1000
31 2400 2250
0 0
2400 0
0 2250
2400 2250
41 5000 3000
0 0
5000 0
0 3000
5000 3000
43 1122 1024
0 0
1122 0
0 1024
1122 1024
44 1024 1024
0 0
1024 0
0 1024
1024 1024
49 2400 2400
0 0
2400 0
0 2400
2400 2400
110
2 440 241
0 0
440 0
0 241
440 241
9 800 800
0 0
800 0
0 800
800 800
13 256 256
0 0
256 0
0 256
256 256
32 1000 1000
0 0
1000 0
0 1000
1000 1000
42 1024 1024
0 0
1024 0
0 1024
1024 1024
44 1024 1024
0 0
1024 0
0 1024
1024 1024
45 920 920
0 0
920 0
0 920
920 920
50 1024 1024
0 0
1024 0
0 1024
1024 1024
111
3 360 360
0 0
360 0
0 360
360 360
10 1920 1920
0 0
1920 0
0 1920
1920 1920
14 844 121
0 0
844 0
0 121
844 121
33 671 723
0 0
671 0
0 723
671 723
43 1122 1024
0 0
1122 0
0 1024
1122 1024
45 920 920
0 0
920 0
0 920
920 920
46 600 450
0 0
600 0
0 450
600 450
51 920 782
0 0
920 0
0 782
920 782
112
4 1179 1024
0 0
1179 0
0 1024
1179 1024
11 1024 1024
0 0
1024 0
0 1024
1024 1024
15 512 512
0 0
512 0
0 512
512 512
34 1200 1306
0 0
1200 0
0 1306
1200 1306
44 1024 1024
0 0
1024 0
0 1024
1024 1024
46 600 450
0 0
600 0
0 450
600 450
47 1600 1600
0 0
1600 0
0 1600
1600 1600
52 1024 1024
0 0
1024 0
0 1024
1024 1024
113
5 512 512
0 0
512 0
0 512
512 512
12 1000 1000
0 0
1000 0
0 1000
1000 1000
16 684 1024
0 0
684 0
0 1024
684 1024
35 1600 1600
0 0
1600 0
0 1600
1600 1600
45 920 920
0 0
920 0
0 920
920 920
47 1600 1600
0 0
1600 0
0 1600
1600 1600
48 512 512
0 0
512 0
0 512
512 512
53 4336 5000
0 0
4336 0
0 5000
4336 5000
114
6 2100 2493
0 0
2100 0
0 2493
2100 2493
13 256 256
0 0
256 0
0 256
256 256
17 2083 2083
0 0
2083 0
0 2083
2083 2083
36 800 800
0 0
800 0
0 800
800 800
46 600 450
0 0
600 0
0 450
600 450
48 512 512
0 0
512 0
0 512
512 512
49 2400 2400
0 0
2400 0
0 2400
2400 2400
54 600 600
0 0
600 0
0 600
600 600
115
7 823 826
0 0
823 0
0 826
823 826
14 844 121
0 0
844 0
0 121
844 121
18 512 512
0 0
512 0
0 512
512 512
37 3442 2700
0 0
3442 0
0 2700
3442 2700
47 1600 1600
0 0
1600 0
0 1600
1600 1600
49 2400 2400
0 0
2400 0
0 2400
2400 2400
50 1024 1024
0 0
1024 0
0 1024
1024 1024
55 3700 4349
0 0
3700 0
0 4349
3700 4349
116
8 512 512
0 0
512 0
0 512
512 512
15 512 512
0 0
512 0
0 512
512 512
19 2400 2400
0 0
2400 0
0 2400
2400 2400
38 512 512
0 0
512 0
0 512
512 512
48 512 512
0 0
512 0
0 512
512 512
50 1024 1024
0 0
1024 0
0 1024
1024 1024
51 920 782
0 0
920 0
0 782
920 782
56 1024 1024
0 0
1024 0
0 1024
1024 1024
117
9 800 800
0 0
800 0
0 800
800 800
16 684 1024
0 0
684 0
0 1024
684 1024
20 1800 1013
0 0
1800 0
0 1013
1800 1013
39 512 512
0 0
512 0
0 512
512 512
49 2400 2400
0 0
2400 0
0 2400
2400 2400
51 920 782
0 0
920 0
0 782
920 782
52 1024 1024
0 0
1024 0
0 1024
1024 1024
57 512 512
0 0
512 0
0 512
512 512
118
1 2500 596
0 0
2500 0
0 596
2500 596
10 1920 1920
0 0
1920 0
0 1920
1920 1920
17 2083 2083
0 0
2083 0
0 2083
2083 2083
21 800 800
0 0
800 0
0 800
800 800
40 1024 512
0 0
1024 0
0 512
1024 512
50 1024 1024
0 0
1024 0
0 1024
1024 1024
52 1024 1024
0 0
1024 0
0 1024
1024 1024
53 4336 5000
0 0
4336 0
0 5000
4336 5000
119
2 440 241
0 0
440 0
0 241
440 241
11 1024 1024
0 0
1024 0
0 1024
1024 1024
18 512 512
0 0
512 0
0 512
512 512
22 2400 2400
0 0
2400 0
0 2400
2400 2400
41 5000 3000
0 0
5000 0
0 3000
5000 3000
51 920 782
0 0
920 0
0 782
920 782
53 4336 5000
0 0
4336 0
0 5000
4336 5000
54 600 600
0 0
600 0
0 600
600 600
120
3 360 360
0 0
360 0
0 360
360 360
12 1000 1000
0 0
1000 0
0 1000
1000 1000
19 2400 2400
0 0
2400 0
0 2400
2400 2400
23 1000 1000
0 0
1000 0
0 1000
1000 1000
42 1024 1024
0 0
1024 0
0 1024
1024 1024
52 1024 1024
0 0
1024 0
0 1024
1024 1024
54 600 600
0 0
600 0
0 600
600 600
55 3700 4349
0 0
3700 0
0 4349
3700 4349
121
4 1179 1024
0 0
1179 0
0 1024
1179 1024
13 256 256
0 0
256 0
0 256
256 256
20 1800 1013
0 0
1800 0
0 1013
1800 1013
24 505 411
0 0
505 0
0 411
505 411
43 1122 1024
0 0
1122 0
0 1024
1122 1024
53 4336 5000
0 0
4336 0
0 5000
4336 5000
55 3700 4349
0 0
3700 0
0 4349
3700 4349
56 1024 1024
0 0
1024 0
0 1024
1024 1024
122
5 512 512
0 0
512 0
0 512
512 512
14 844 121
0 0
844 0
0 121
844 121
21 800 800
0 0
800 0
0 800
800 800
25 2400 2213
0 0
2400 0
0 2213
2400 2213
44 1024 1024
0 0
1024 0
0 1024
1024 1024
54 600 600
0 0
600 0
0 600
600 600
56 1024 1024
0 0
1024 0
0 1024
1024 1024
57 512 512
0 0
512 0
0 512
512 512
