1 4
1
1 2500 596
0 0
2500 0
0 596
2500 596
5 512 512
0 0
512 0
0 512
512 512
11 1024 1024
0 0
1024 0
0 1024
1024 1024
13 256 256
0 0
256 0
0 256
256 256
2
1 2500 596
0 0
2500 0
0 596
2500 596
2 440 241
0 0
440 0
0 241
440 241
6 2100 2493
0 0
2100 0
0 2493
2100 2493
12 1000 1000
0 0
1000 0
0 1000
1000 1000
3
2 440 241
0 0
440 0
0 241
440 241
3 360 360
0 0
360 0
0 360
360 360
7 823 826
0 0
823 0
0 826
823 826
13 256 256
0 0
256 0
0 256
256 256
4
1 2500 596
0 0
2500 0
0 596
2500 596
3 360 360
0 0
360 0
0 360
360 360
4 1179 1024
0 0
1179 0
0 1024
1179 1024
8 512 512
0 0
512 0
0 512
512 512
5
2 440 241
0 0
440 0
0 241
440 241
4 1179 1024
0 0
1179 0
0 1024
1179 1024
5 512 512
0 0
512 0
0 512
512 512
9 800 800
0 0
800 0
0 800
800 800
6
3 360 360
0 0
360 0
0 360
360 360
5 512 512
0 0
512 0
0 512
512 512
6 2100 2493
0 0
2100 0
0 2493
2100 2493
10 1920 1920
0 0
1920 0
0 1920
1920 1920
7
4 1179 1024
0 0
1179 0
0 1024
1179 1024
6 2100 2493
0 0
2100 0
0 2493
2100 2493
7 823 826
0 0
823 0
0 826
823 826
11 1024 1024
0 0
1024 0
0 1024
1024 1024
8
5 512 512
0 0
512 0
0 512
512 512
7 823 826
0 0
823 0
0 826
823 826
8 512 512
0 0
512 0
0 512
512 512
12 1000 1000
0 0
1000 0
0 1000
1000 1000
9
6 2100 2493
0 0
2100 0
0 2493
2100 2493
8 512 512
0 0
512 0
0 512
512 512
9 800 800
0 0
800 0
0 800
800 800
13 256 256
0 0
256 0
0 256
256 256
10
1 2500 596
0 0
2500 0
0 596
2500 596
7 823 826
0 0
823 0
0 826
823 826
9 800 800
0 0
800 0
0 800
800 800
10 1920 1920
0 0
1920 0
0 1920
1920 1920
11
2 440 241
0 0
440 0
0 241
440 241
8 512 512
0 0
512 0
0 512
512 512
10 1920 1920
0 0
1920 0
0 1920
1920 1920
11 1024 1024
0 0
1024 0
0 1024
1024 1024
12
3 360 360
0 0
360 0
0 360
360 360
9 800 800
0 0
800 0
0 800
800 800
11 1024 1024
0 0
1024 0
0 1024
1024 1024
12 1000 1000
0 0
1000 0
0 1000
1000 1000
13
4 1179 1024
0 0
1179 0
0 1024
1179 1024
10 1920 1920
0 0
1920 0
0 1920
1920 1920
12 1000 1000
0 0
1000 0
0 1000
1000 1000
13 256 256
0 0
256 0
0 256
256 256
