5 9
123
1 2500 596
0 0
2500 0
0 596
2500 596
11 1024 1024
0 0
1024 0
0 1024
1024 1024
20 1800 1013
0 0
1800 0
0 1013
1800 1013
38 512 512
0 0
512 0
0 512
512 512
43 1122 1024
0 0
1122 0
0 1024
1122 1024
59 512 512
0 0
512 0
0 512
512 512
67 1024 1024
0 0
1024 0
0 1024
1024 1024
71 4096 4096
0 0
4096 0
0 4096
4096 4096
73 2600 3358
0 0
2600 0
0 3358
2600 3358
124
1 2500 596
0 0
2500 0
0 596
2500 596
2 440 241
0 0
440 0
0 241
440 241
12 1000 1000
0 0
1000 0
0 1000
1000 1000
21 800 800
0 0
800 0
0 800
800 800
39 512 512
0 0
512 0
0 512
512 512
44 1024 1024
0 0
1024 0
0 1024
1024 1024
60 2000 2000
0 0
2000 0
0 2000
2000 2000
68 2000 2000
0 0
2000 0
0 2000
2000 2000
72 1024 1024
0 0
1024 0
0 1024
1024 1024
125
2 440 241
0 0
440 0
0 241
440 241
3 360 360
0 0
360 0
0 360
360 360
13 256 256
0 0
256 0
0 256
256 256
22 2400 2400
0 0
2400 0
0 2400
2400 2400
40 1024 512
0 0
1024 0
0 512
1024 512
45 920 920
0 0
920 0
0 920
920 920
61 512 512
0 0
512 0
0 512
512 512
69 1024 1024
0 0
1024 0
0 1024
1024 1024
73 2600 3358
0 0
2600 0
0 3358
2600 3358
126
1 2500 596
0 0
2500 0
0 596
2500 596
3 360 360
0 0
360 0
0 360
360 360
4 1179 1024
0 0
1179 0
0 1024
1179 1024
14 844 121
0 0
844 0
0 121
844 121
23 1000 1000
0 0
1000 0
0 1000
1000 1000
41 5000 3000
0 0
5000 0
0 3000
5000 3000
46 600 450
0 0
600 0
0 450
600 450
62 2048 1152
0 0
2048 0
0 1152
2048 1152
70 2400 2410
0 0
2400 0
0 2410
2400 2410
127
2 440 241
0 0
440 0
0 241
440 241
4 1179 1024
0 0
1179 0
0 1024
1179 1024
5 512 512
0 0
512 0
0 512
512 512
15 512 512
0 0
512 0
0 512
512 512
24 505 411
0 0
505 0
0 411
505 411
42 1024 1024
0 0
1024 0
0 1024
1024 1024
47 1600 1600
0 0
1600 0
0 1600
1600 1600
63 1024 1024
0 0
1024 0
0 1024
1024 1024
71 4096 4096
0 0
4096 0
0 4096
4096 4096
128
3 360 360
0 0
360 0
0 360
360 360
5 512 512
0 0
512 0
0 512
512 512
6 2100 2493
0 0
2100 0
0 2493
2100 2493
16 684 1024
0 0
684 0
0 1024
684 1024
25 2400 2213
0 0
2400 0
0 2213
2400 2213
43 1122 1024
0 0
1122 0
0 1024
1122 1024
48 512 512
0 0
512 0
0 512
512 512
64 1024 1024
0 0
1024 0
0 1024
1024 1024
72 1024 1024
0 0
1024 0
0 1024
1024 1024
129
4 1179 1024
0 0
1179 0
0 1024
1179 1024
6 2100 2493
0 0
2100 0
0 2493
2100 2493
7 823 826
0 0
823 0
0 826
823 826
17 2083 2083
0 0
2083 0
0 2083
2083 2083
26 1600 1600
0 0
1600 0
0 1600
1600 1600
44 1024 1024
0 0
1024 0
0 1024
1024 1024
49 2400 2400
0 0
2400 0
0 2400
2400 2400
65 800 800
0 0
800 0
0 800
800 800
73 2600 3358
0 0
2600 0
0 3358
2600 3358
130
1 2500 596
0 0
2500 0
0 596
2500 596
5 512 512
0 0
512 0
0 512
512 512
7 823 826
0 0
823 0
0 826
823 826
8 512 512
0 0
512 0
0 512
512 512
18 512 512
0 0
512 0
0 512
512 512
27 500 330
0 0
500 0
0 330
500 330
45 920 920
0 0
920 0
0 920
920 920
50 1024 1024
0 0
1024 0
0 1024
1024 1024
66 900 897
0 0
900 0
0 897
900 897
131
2 440 241
0 0
440 0
0 241
440 241
6 2100 2493
0 0
2100 0
0 2493
2100 2493
8 512 512
0 0
512 0
0 512
512 512
9 800 800
0 0
800 0
0 800
800 800
19 2400 2400
0 0
2400 0
0 2400
2400 2400
28 2048 2048
0 0
2048 0
0 2048
2048 2048
46 600 450
0 0
600 0
0 450
600 450
51 920 782
0 0
920 0
0 782
920 782
67 1024 1024
0 0
1024 0
0 1024
1024 1024
132
3 360 360
0 0
360 0
0 360
360 360
7 823 826
0 0
823 0
0 826
823 826
9 800 800
0 0
800 0
0 800
800 800
10 1920 1920
0 0
1920 0
0 1920
1920 1920
20 1800 1013
0 0
1800 0
0 1013
1800 1013
29 1024 1024
0 0
1024 0
0 1024
1024 1024
47 1600 1600
0 0
1600 0
0 1600
1600 1600
52 1024 1024
0 0
1024 0
0 1024
1024 1024
68 2000 2000
0 0
2000 0
0 2000
2000 2000
133
4 1179 1024
0 0
1179 0
0 1024
1179 1024
8 512 512
0 0
512 0
0 512
512 512
10 1920 1920
0 0
1920 0
0 1920
1920 1920
11 1024 1024
0 0
1024 0
0 1024
1024 1024
21 800 800
0 0
800 0
0 800
800 800
30 1250 1250
0 0
1250 0
0 1250
1250 1250
48 512 512
0 0
512 0
0 512
512 512
53 4336 5000
0 0
4336 0
0 5000
4336 5000
69 1024 1024
0 0
1024 0
0 1024
1024 1024
134
5 512 512
0 0
512 0
0 512
512 512
9 800 800
0 0
800 0
0 800
800 800
11 1024 1024
0 0
1024 0
0 1024
1024 1024
12 1000 1000
0 0
1000 0
0 1000
1000 1000
22 2400 2400
0 0
2400 0
0 2400
2400 2400
31 2400 2250
0 0
2400 0
0 2250
2400 2250
49 2400 2400
0 0
2400 0
0 2400
2400 2400
54 600 600
0 0
600 0
0 600
600 600
70 2400 2410
0 0
2400 0
0 2410
2400 2410
135
6 2100 2493
0 0
2100 0
0 2493
2100 2493
10 1920 1920
0 0
1920 0
0 1920
1920 1920
12 1000 1000
0 0
1000 0
0 1000
1000 1000
13 256 256
0 0
256 0
0 256
256 256
23 1000 1000
0 0
1000 0
0 1000
1000 1000
32 1000 1000
0 0
1000 0
0 1000
1000 1000
50 1024 1024
0 0
1024 0
0 1024
1024 1024
55 3700 4349
0 0
3700 0
0 4349
3700 4349
71 4096 4096
0 0
4096 0
0 4096
4096 4096
136
7 823 826
0 0
823 0
0 826
823 826
11 1024 1024
0 0
1024 0
0 1024
1024 1024
13 256 256
0 0
256 0
0 256
256 256
14 844 121
0 0
844 0
0 121
844 121
24 505 411
0 0
505 0
0 411
505 411
33 671 723
0 0
671 0
0 723
671 723
51 920 782
0 0
920 0
0 782
920 782
56 1024 1024
0 0
1024 0
0 1024
1024 1024
72 1024 1024
0 0
1024 0
0 1024
1024 1024
137
8 512 512
0 0
512 0
0 512
512 512
12 1000 1000
0 0
1000 0
0 1000
1000 1000
14 844 121
0 0
844 0
0 121
844 121
15 512 512
0 0
512 0
0 512
512 512
25 2400 2213
0 0
2400 0
0 2213
2400 2213
34 1200 1306
0 0
1200 0
0 1306
1200 1306
52 1024 1024
0 0
1024 0
0 1024
1024 1024
57 512 512
0 0
512 0
0 512
512 512
73 2600 3358
0 0
2600 0
0 3358
2600 3358
138
1 2500 596
0 0
2500 0
0 596
2500 596
9 800 800
0 0
800 0
0 800
800 800
13 256 256
0 0
256 0
0 256
256 256
15 512 512
0 0
512 0
0 512
512 512
16 684 1024
0 0
684 0
0 1024
684 1024
26 1600 1600
0 0
1600 0
0 1600
1600 1600
35 1600 1600
0 0
1600 0
0 1600
1600 1600
53 4336 5000
0 0
4336 0
0 5000
4336 5000
58 2000 2000
0 0
2000 0
0 2000
2000 2000
139
2 440 241
0 0
440 0
0 241
440 241
10 1920 1920
0 0
1920 0
0 1920
1920 1920
14 844 121
0 0
844 0
0 121
844 121
16 684 1024
0 0
684 0
0 1024
684 1024
17 2083 2083
0 0
2083 0
0 2083
2083 2083
27 500 330
0 0
500 0
0 330
500 330
36 800 800
0 0
800 0
0 800
800 800
54 600 600
0 0
600 0
0 600
600 600
59 512 512
0 0
512 0
0 512
512 512
140
3 360 360
0 0
360 0
0 360
360 360
11 1024 1024
0 0
1024 0
0 1024
1024 1024
15 512 512
0 0
512 0
0 512
512 512
17 2083 2083
0 0
2083 0
0 2083
2083 2083
18 512 512
0 0
512 0
0 512
512 512
28 2048 2048
0 0
2048 0
0 2048
2048 2048
37 3442 2700
0 0
3442 0
0 2700
3442 2700
55 3700 4349
0 0
3700 0
0 4349
3700 4349
60 2000 2000
0 0
2000 0
0 2000
2000 2000
141
4 1179 1024
0 0
1179 0
0 1024
1179 1024
12 1000 1000
0 0
1000 0
0 1000
1000 1000
16 684 1024
0 0
684 0
0 1024
684 1024
18 512 512
0 0
512 0
0 512
512 512
19 2400 2400
0 0
2400 0
0 2400
2400 2400
29 1024 1024
0 0
1024 0
0 1024
1024 1024
38 512 512
0 0
512 0
0 512
512 512
56 1024 1024
0 0
1024 0
0 1024
1024 1024
61 512 512
0 0
512 0
0 512
512 512
142
5 512 512
0 0
512 0
0 512
512 512
13 256 256
0 0
256 0
0 256
256 256
17 2083 2083
0 0
2083 0
0 2083
2083 2083
19 2400 2400
0 0
2400 0
0 2400
2400 2400
20 1800 1013
0 0
1800 0
0 1013
1800 1013
30 1250 1250
0 0
1250 0
0 1250
1250 1250
39 512 512
0 0
512 0
0 512
512 512
57 512 512
0 0
512 0
0 512
512 512
62 2048 1152
0 0
2048 0
0 1152
2048 1152
143
6 2100 2493
0 0
2100 0
0 2493
2100 2493
14 844 121
0 0
844 0
0 121
844 121
18 512 512
0 0
512 0
0 512
512 512
20 1800 1013
0 0
1800 0
0 1013
1800 1013
21 800 800
0 0
800 0
0 800
800 800
31 2400 2250
0 0
2400 0
0 2250
2400 2250
40 1024 512
0 0
1024 0
0 512
1024 512
58 2000 2000
0 0
2000 0
0 2000
2000 2000
63 1024 1024
0 0
1024 0
0 1024
1024 1024
144
7 823 826
0 0
823 0
0 826
823 826
15 512 512
0 0
512 0
0 512
512 512
19 2400 2400
0 0
2400 0
0 2400
2400 2400
21 800 800
0 0
800 0
0 800
800 800
22 2400 2400
0 0
2400 0
0 2400
2400 2400
32 1000 1000
0 0
1000 0
0 1000
1000 1000
41 5000 3000
0 0
5000 0
0 3000
5000 3000
59 512 512
0 0
512 0
0 512
512 512
64 1024 1024
0 0
1024 0
0 1024
1024 1024
145
8 512 512
0 0
512 0
0 512
512 512
16 684 1024
0 0
684 0
0 1024
684 1024
20 1800 1013
0 0
1800 0
0 1013
1800 1013
22 2400 2400
0 0
2400 0
0 2400
2400 2400
23 1000 1000
0 0
1000 0
0 1000
1000 1000
33 671 723
0 0
671 0
0 723
671 723
42 1024 1024
0 0
1024 0
0 1024
1024 1024
60 2000 2000
0 0
2000 0
0 2000
2000 2000
65 800 800
0 0
800 0
0 800
800 800
146
9 800 800
0 0
800 0
0 800
800 800
17 2083 2083
0 0
2083 0
0 2083
2083 2083
21 800 800
0 0
800 0
0 800
800 800
23 1000 1000
0 0
1000 0
0 1000
1000 1000
24 505 411
0 0
505 0
0 411
505 411
34 1200 1306
0 0
1200 0
0 1306
1200 1306
43 1122 1024
0 0
1122 0
0 1024
1122 1024
61 512 512
0 0
512 0
0 512
512 512
66 900 897
0 0
900 0
0 897
900 897
147
10 1920 1920
0 0
1920 0
0 1920
1920 1920
18 512 512
0 0
512 0
0 512
512 512
22 2400 2400
0 0
2400 0
0 2400
2400 2400
24 505 411
0 0
505 0
0 411
505 411
25 2400 2213
0 0
2400 0
0 2213
2400 2213
35 1600 1600
0 0
1600 0
0 1600
1600 1600
44 1024 1024
0 0
1024 0
0 1024
1024 1024
62 2048 1152
0 0
2048 0
0 1152
2048 1152
67 1024 1024
0 0
1024 0
0 1024
1024 1024
148
11 1024 1024
0 0
1024 0
0 1024
1024 1024
19 2400 2400
0 0
2400 0
0 2400
2400 2400
23 1000 1000
0 0
1000 0
0 1000
1000 1000
25 2400 2213
0 0
2400 0
0 2213
2400 2213
26 1600 1600
0 0
1600 0
0 1600
1600 1600
36 800 800
0 0
800 0
0 800
800 800
45 920 920
0 0
920 0
0 920
920 920
63 1024 1024
0 0
1024 0
0 1024
1024 1024
68 2000 2000
0 0
2000 0
0 2000
2000 2000
149
12 1000 1000
0 0
1000 0
0 1000
1000 1000
20 1800 1013
0 0
1800 0
0 1013
1800 1013
24 505 411
0 0
505 0
0 411
505 411
26 1600 1600
0 0
1600 0
0 1600
1600 1600
27 500 330
0 0
500 0
0 330
500 330
37 3442 2700
0 0
3442 0
0 2700
3442 2700
46 600 450
0 0
600 0
0 450
600 450
64 1024 1024
0 0
1024 0
0 1024
1024 1024
69 1024 1024
0 0
1024 0
0 1024
1024 1024
150
13 256 256
0 0
256 0
0 256
256 256
21 800 800
0 0
800 0
0 800
800 800
25 2400 2213
0 0
2400 0
0 2213
2400 2213
27 500 330
0 0
500 0
0 330
500 330
28 2048 2048
0 0
2048 0
0 2048
2048 2048
38 512 512
0 0
512 0
0 512
512 512
47 1600 1600
0 0
1600 0
0 1600
1600 1600
65 800 800
0 0
800 0
0 800
800 800
70 2400 2410
0 0
2400 0
0 2410
2400 2410
151
14 844 121
0 0
844 0
0 121
844 121
22 2400 2400
0 0
2400 0
0 2400
2400 2400
26 1600 1600
0 0
1600 0
0 1600
1600 1600
28 2048 2048
0 0
2048 0
0 2048
2048 2048
29 1024 1024
0 0
1024 0
0 1024
1024 1024
39 512 512
0 0
512 0
0 512
512 512
48 512 512
0 0
512 0
0 512
512 512
66 900 897
0 0
900 0
0 897
900 897
71 4096 4096
0 0
4096 0
0 4096
4096 4096
152
15 512 512
0 0
512 0
0 512
512 512
23 1000 1000
0 0
1000 0
0 1000
1000 1000
27 500 330
0 0
500 0
0 330
500 330
29 1024 1024
0 0
1024 0
0 1024
1024 1024
30 1250 1250
0 0
1250 0
0 1250
1250 1250
40 1024 512
0 0
1024 0
0 512
1024 512
49 2400 2400
0 0
2400 0
0 2400
2400 2400
67 1024 1024
0 0
1024 0
0 1024
1024 1024
72 1024 1024
0 0
1024 0
0 1024
1024 1024
153
16 684 1024
0 0
684 0
0 1024
684 1024
24 505 411
0 0
505 0
0 411
505 411
28 2048 2048
0 0
2048 0
0 2048
2048 2048
30 1250 1250
0 0
1250 0
0 1250
1250 1250
31 2400 2250
0 0
2400 0
0 2250
2400 2250
41 5000 3000
0 0
5000 0
0 3000
5000 3000
50 1024 1024
0 0
1024 0
0 1024
1024 1024
68 2000 2000
0 0
2000 0
0 2000
2000 2000
73 2600 3358
0 0
2600 0
0 3358
2600 3358
154
1 2500 596
0 0
2500 0
0 596
2500 596
17 2083 2083
0 0
2083 0
0 2083
2083 2083
25 2400 2213
0 0
2400 0
0 2213
2400 2213
29 1024 1024
0 0
1024 0
0 1024
1024 1024
31 2400 2250
0 0
2400 0
0 2250
2400 2250
32 1000 1000
0 0
1000 0
0 1000
1000 1000
42 1024 1024
0 0
1024 0
0 1024
1024 1024
51 920 782
0 0
920 0
0 782
920 782
69 1024 1024
0 0
1024 0
0 1024
1024 1024
155
2 440 241
0 0
440 0
0 241
440 241
18 512 512
0 0
512 0
0 512
512 512
26 1600 1600
0 0
1600 0
0 1600
1600 1600
30 1250 1250
0 0
1250 0
0 1250
1250 1250
32 1000 1000
0 0
1000 0
0 1000
1000 1000
33 671 723
0 0
671 0
0 723
671 723
43 1122 1024
0 0
1122 0
0 1024
1122 1024
52 1024 1024
0 0
1024 0
0 1024
1024 1024
70 2400 2410
0 0
2400 0
0 2410
2400 2410
156
3 360 360
0 0
360 0
0 360
360 360
19 2400 2400
0 0
2400 0
0 2400
2400 2400
27 500 330
0 0
500 0
0 330
500 330
31 2400 2250
0 0
2400 0
0 2250
2400 2250
33 671 723
0 0
671 0
0 723
671 723
34 1200 1306
0 0
1200 0
0 1306
1200 1306
44 1024 1024
0 0
1024 0
0 1024
1024 1024
53 4336 5000
0 0
4336 0
0 5000
4336 5000
71 4096 4096
0 0
4096 0
0 4096
4096 4096
157
4 1179 1024
0 0
1179 0
0 1024
1179 1024
20 1800 1013
0 0
1800 0
0 1013
1800 1013
28 2048 2048
0 0
2048 0
0 2048
2048 2048
32 1000 1000
0 0
1000 0
0 1000
1000 1000
34 1200 1306
0 0
1200 0
0 1306
1200 1306
35 1600 1600
0 0
1600 0
0 1600
1600 1600
45 920 920
0 0
920 0
0 920
920 920
54 600 600
0 0
600 0
0 600
600 600
72 1024 1024
0 0
1024 0
0 1024
1024 1024
158
5 512 512
0 0
512 0
0 512
512 512
21 800 800
0 0
800 0
0 800
800 800
29 1024 1024
0 0
1024 0
0 1024
1024 1024
33 671 723
0 0
671 0
0 723
671 723
35 1600 1600
0 0
1600 0
0 1600
1600 1600
36 800 800
0 0
800 0
0 800
800 800
46 600 450
0 0
600 0
0 450
600 450
55 3700 4349
0 0
3700 0
0 4349
3700 4349
73 2600 3358
0 0
2600 0
0 3358
2600 3358
159
1 2500 596
0 0
2500 0
0 596
2500 596
6 2100 2493
0 0
2100 0
0 2493
2100 2493
22 2400 2400
0 0
2400 0
0 2400
2400 2400
30 1250 1250
0 0
1250 0
0 1250
1250 1250
34 1200 1306
0 0
1200 0
0 1306
1200 1306
36 800 800
0 0
800 0
0 800
800 800
37 3442 2700
0 0
3442 0
0 2700
3442 2700
47 1600 1600
0 0
1600 0
0 1600
1600 1600
56 1024 1024
0 0
1024 0
0 1024
1024 1024
160
2 440 241
0 0
440 0
0 241
440 241
7 823 826
0 0
823 0
0 826
823 826
23 1000 1000
0 0
1000 0
0 1000
1000 1000
31 2400 2250
0 0
2400 0
0 2250
2400 2250
35 1600 1600
0 0
1600 0
0 1600
1600 1600
37 3442 2700
0 0
3442 0
0 2700
3442 2700
38 512 512
0 0
512 0
0 512
512 512
48 512 512
0 0
512 0
0 512
512 512
57 512 512
0 0
512 0
0 512
512 512
161
3 360 360
0 0
360 0
0 360
360 360
8 512 512
0 0
512 0
0 512
512 512
24 505 411
0 0
505 0
0 411
505 411
32 1000 1000
0 0
1000 0
0 1000
1000 1000
36 800 800
0 0
800 0
0 800
800 800
38 512 512
0 0
512 0
0 512
512 512
39 512 512
0 0
512 0
0 512
512 512
49 2400 2400
0 0
2400 0
0 2400
2400 2400
58 2000 2000
0 0
2000 0
0 2000
2000 2000
162
4 1179 1024
0 0
1179 0
0 1024
1179 1024
9 800 800
0 0
800 0
0 800
800 800
25 2400 2213
0 0
2400 0
0 2213
2400 2213
33 671 723
0 0
671 0
0 723
671 723
37 3442 2700
0 0
3442 0
0 2700
3442 2700
39 512 512
0 0
512 0
0 512
512 512
40 1024 512
0 0
1024 0
0 512
1024 512
50 1024 1024
0 0
1024 0
0 1024
1024 1024
59 512 512
0 0
512 0
0 512
512 512
163
5 512 512
0 0
512 0
0 512
512 512
10 1920 1920
0 0
1920 0
0 1920
1920 1920
26 1600 1600
0 0
1600 0
0 1600
1600 1600
34 1200 1306
0 0
1200 0
0 1306
1200 1306
38 512 512
0 0
512 0
0 512
512 512
40 1024 512
0 0
1024 0
0 512
1024 512
41 5000 3000
0 0
5000 0
0 3000
5000 3000
51 920 782
0 0
920 0
0 782
920 782
60 2000 2000
0 0
2000 0
0 2000
2000 2000
164
6 2100 2493
0 0
2100 0
0 2493
2100 2493
11 1024 1024
0 0
1024 0
0 1024
1024 1024
27 500 330
0 0
500 0
0 330
500 330
35 1600 1600
0 0
1600 0
0 1600
1600 1600
39 512 512
0 0
512 0
0 512
512 512
41 5000 3000
0 0
5000 0
0 3000
5000 3000
42 1024 1024
0 0
1024 0
0 1024
1024 1024
52 1024 1024
0 0
1024 0
0 1024
1024 1024
61 512 512
0 0
512 0
0 512
512 512
165
7 823 826
0 0
823 0
0 826
823 826
12 1000 1000
0 0
1000 0
0 1000
1000 1000
28 2048 2048
0 0
2048 0
0 2048
2048 2048
36 800 800
0 0
800 0
0 800
800 800
40 1024 512
0 0
1024 0
0 512
1024 512
42 1024 1024
0 0
1024 0
0 1024
1024 1024
43 1122 1024
0 0
1122 0
0 1024
1122 1024
53 4336 5000
0 0
4336 0
0 5000
4336 5000
62 2048 1152
0 0
2048 0
0 1152
2048 1152
166
8 512 512
0 0
512 0
0 512
512 512
13 256 256
0 0
256 0
0 256
256 256
29 1024 1024
0 0
1024 0
0 1024
1024 1024
37 3442 2700
0 0
3442 0
0 2700
3442 2700
41 5000 3000
0 0
5000 0
0 3000
5000 3000
43 1122 1024
0 0
1122 0
0 1024
1122 1024
44 1024 1024
0 0
1024 0
0 1024
1024 1024
54 600 600
0 0
600 0
0 600
600 600
63 1024 1024
0 0
1024 0
0 1024
1024 1024
167
9 800 800
0 0
800 0
0 800
800 800
14 844 121
0 0
844 0
0 121
844 121
30 1250 1250
0 0
1250 0
0 1250
1250 1250
38 512 512
0 0
512 0
0 512
512 512
42 1024 1024
0 0
1024 0
0 1024
1024 1024
44 1024 1024
0 0
1024 0
0 1024
1024 1024
45 920 920
0 0
920 0
0 920
920 920
55 3700 4349
0 0
3700 0
0 4349
3700 4349
64 1024 1024
0 0
1024 0
0 1024
1024 1024
168
10 1920 1920
0 0
1920 0
0 1920
1920 1920
15 512 512
0 0
512 0
0 512
512 512
31 2400 2250
0 0
2400 0
0 2250
2400 2250
39 512 512
0 0
512 0
0 512
512 512
43 1122 1024
0 0
1122 0
0 1024
1122 1024
45 920 920
0 0
920 0
0 920
920 920
46 600 450
0 0
600 0
0 450
600 450
56 1024 1024
0 0
1024 0
0 1024
1024 1024
65 800 800
0 0
800 0
0 800
800 800
169
11 1024 1024
0 0
1024 0
0 1024
1024 1024
16 684 1024
0 0
684 0
0 1024
684 1024
32 1000 1000
0 0
1000 0
0 1000
1000 1000
40 1024 512
0 0
1024 0
0 512
1024 512
44 1024 1024
0 0
1024 0
0 1024
1024 1024
46 600 450
0 0
600 0
0 450
600 450
47 1600 1600
0 0
1600 0
0 1600
1600 1600
57 512 512
0 0
512 0
0 512
512 512
66 900 897
0 0
900 0
0 897
900 897
170
12 1000 1000
0 0
1000 0
0 1000
1000 1000
17 2083 2083
0 0
2083 0
0 2083
2083 2083
33 671 723
0 0
671 0
0 723
671 723
41 5000 3000
0 0
5000 0
0 3000
5000 3000
45 920 920
0 0
920 0
0 920
920 920
47 1600 1600
0 0
1600 0
0 1600
1600 1600
48 512 512
0 0
512 0
0 512
512 512
58 2000 2000
0 0
2000 0
0 2000
2000 2000
67 1024 1024
0 0
1024 0
0 1024
1024 1024
171
13 256 256
0 0
256 0
0 256
256 256
18 512 512
0 0
512 0
0 512
512 512
34 1200 1306
0 0
1200 0
0 1306
1200 1306
42 1024 1024
0 0
1024 0
0 1024
1024 1024
46 600 450
0 0
600 0
0 450
600 450
48 512 512
0 0
512 0
0 512
512 512
49 2400 2400
0 0
2400 0
0 2400
2400 2400
59 512 512
0 0
512 0
0 512
512 512
68 2000 2000
0 0
2000 0
0 2000
2000 2000
172
14 844 121
0 0
844 0
0 121
844 121
19 2400 2400
0 0
2400 0
0 2400
2400 2400
35 1600 1600
0 0
1600 0
0 1600
1600 1600
43 1122 1024
0 0
1122 0
0 1024
1122 1024
47 1600 1600
0 0
1600 0
0 1600
1600 1600
49 2400 2400
0 0
2400 0
0 2400
2400 2400
50 1024 1024
0 0
1024 0
0 1024
1024 1024
60 2000 2000
0 0
2000 0
0 2000
2000 2000
69 1024 1024
0 0
1024 0
0 1024
1024 1024
173
15 512 512
0 0
512 0
0 512
512 512
20 1800 1013
0 0
1800 0
0 1013
1800 1013
36 800 800
0 0
800 0
0 800
800 800
44 1024 1024
0 0
1024 0
0 1024
1024 1024
48 512 512
0 0
512 0
0 512
512 512
50 1024 1024
0 0
1024 0
0 1024
1024 1024
51 920 782
0 0
920 0
0 782
920 782
61 512 512
0 0
512 0
0 512
512 512
70 2400 2410
0 0
2400 0
0 2410
2400 2410
174
16 684 1024
0 0
684 0
0 1024
684 1024
21 800 800
0 0
800 0
0 800
800 800
37 3442 2700
0 0
3442 0
0 2700
3442 2700
45 920 920
0 0
920 0
0 920
920 920
49 2400 2400
0 0
2400 0
0 2400
2400 2400
51 920 782
0 0
920 0
0 782
920 782
52 1024 1024
0 0
1024 0
0 1024
1024 1024
62 2048 1152
0 0
2048 0
0 1152
2048 1152
71 4096 4096
0 0
4096 0
0 4096
4096 4096
175
17 2083 2083
0 0
2083 0
0 2083
2083 2083
22 2400 2400
0 0
2400 0
0 2400
2400 2400
38 512 512
0 0
512 0
0 512
512 512
46 600 450
0 0
600 0
0 450
600 450
50 1024 1024
0 0
1024 0
0 1024
1024 1024
52 1024 1024
0 0
1024 0
0 1024
1024 1024
53 4336 5000
0 0
4336 0
0 5000
4336 5000
63 1024 1024
0 0
1024 0
0 1024
1024 1024
72 1024 1024
0 0
1024 0
0 1024
1024 1024
176
18 512 512
0 0
512 0
0 512
512 512
23 1000 1000
0 0
1000 0
0 1000
1000 1000
39 512 512
0 0
512 0
0 512
512 512
47 1600 1600
0 0
1600 0
0 1600
1600 1600
51 920 782
0 0
920 0
0 782
920 782
53 4336 5000
0 0
4336 0
0 5000
4336 5000
54 600 600
0 0
600 0
0 600
600 600
64 1024 1024
0 0
1024 0
0 1024
1024 1024
73 2600 3358
0 0
2600 0
0 3358
2600 3358
177
1 2500 596
0 0
2500 0
0 596
2500 596
19 2400 2400
0 0
2400 0
0 2400
2400 2400
24 505 411
0 0
505 0
0 411
505 411
40 1024 512
0 0
1024 0
0 512
1024 512
48 512 512
0 0
512 0
0 512
512 512
52 1024 1024
0 0
1024 0
0 1024
1024 1024
54 600 600
0 0
600 0
0 600
600 600
55 3700 4349
0 0
3700 0
0 4349
3700 4349
65 800 800
0 0
800 0
0 800
800 800
178
2 440 241
0 0
440 0
0 241
440 241
20 1800 1013
0 0
1800 0
0 1013
1800 1013
25 2400 2213
0 0
2400 0
0 2213
2400 2213
41 5000 3000
0 0
5000 0
0 3000
5000 3000
49 2400 2400
0 0
2400 0
0 2400
2400 2400
53 4336 5000
0 0
4336 0
0 5000
4336 5000
55 3700 4349
0 0
3700 0
0 4349
3700 4349
56 1024 1024
0 0
1024 0
0 1024
1024 1024
66 900 897
0 0
900 0
0 897
900 897
179
3 360 360
0 0
360 0
0 360
360 360
21 800 800
0 0
800 0
0 800
800 800
26 1600 1600
0 0
1600 0
0 1600
1600 1600
42 1024 1024
0 0
1024 0
0 1024
1024 1024
50 1024 1024
0 0
1024 0
0 1024
1024 1024
54 600 600
0 0
600 0
0 600
600 600
56 1024 1024
0 0
1024 0
0 1024
1024 1024
57 512 512
0 0
512 0
0 512
512 512
67 1024 1024
0 0
1024 0
0 1024
1024 1024
180
4 1179 1024
0 0
1179 0
0 1024
1179 1024
22 2400 2400
0 0
2400 0
0 2400
2400 2400
27 500 330
0 0
500 0
0 330
500 330
43 1122 1024
0 0
1122 0
0 1024
1122 1024
51 920 782
0 0
920 0
0 782
920 782
55 3700 4349
0 0
3700 0
0 4349
3700 4349
57 512 512
0 0
512 0
0 512
512 512
58 2000 2000
0 0
2000 0
0 2000
2000 2000
68 2000 2000
0 0
2000 0
0 2000
2000 2000
181
5 512 512
0 0
512 0
0 512
512 512
23 1000 1000
0 0
1000 0
0 1000
1000 1000
28 2048 2048
0 0
2048 0
0 2048
2048 2048
44 1024 1024
0 0
1024 0
0 1024
1024 1024
52 1024 1024
0 0
1024 0
0 1024
1024 1024
56 1024 1024
0 0
1024 0
0 1024
1024 1024
58 2000 2000
0 0
2000 0
0 2000
2000 2000
59 512 512
0 0
512 0
0 512
512 512
69 1024 1024
0 0
1024 0
0 1024
1024 1024
182
6 2100 2493
0 0
2100 0
0 2493
2100 2493
24 505 411
0 0
505 0
0 411
505 411
29 1024 1024
0 0
1024 0
0 1024
1024 1024
45 920 920
0 0
920 0
0 920
920 920
53 4336 5000
0 0
4336 0
0 5000
4336 5000
57 512 512
0 0
512 0
0 512
512 512
59 512 512
0 0
512 0
0 512
512 512
60 2000 2000
0 0
2000 0
0 2000
2000 2000
70 2400 2410
0 0
2400 0
0 2410
2400 2410
183
7 823 826
0 0
823 0
0 826
823 826
25 2400 2213
0 0
2400 0
0 2213
2400 2213
30 1250 1250
0 0
1250 0
0 1250
1250 1250
46 600 450
0 0
600 0
0 450
600 450
54 600 600
0 0
600 0
0 600
600 600
58 2000 2000
0 0
2000 0
0 2000
2000 2000
60 2000 2000
0 0
2000 0
0 2000
2000 2000
61 512 512
0 0
512 0
0 512
512 512
71 4096 4096
0 0
4096 0
0 4096
4096 4096
184
8 512 512
0 0
512 0
0 512
512 512
26 1600 1600
0 0
1600 0
0 1600
1600 1600
31 2400 2250
0 0
2400 0
0 2250
2400 2250
47 1600 1600
0 0
1600 0
0 1600
1600 1600
55 3700 4349
0 0
3700 0
0 4349
3700 4349
59 512 512
0 0
512 0
0 512
512 512
61 512 512
0 0
512 0
0 512
512 512
62 2048 1152
0 0
2048 0
0 1152
2048 1152
72 1024 1024
0 0
1024 0
0 1024
1024 1024
185
9 800 800
0 0
800 0
0 800
800 800
27 500 330
0 0
500 0
0 330
500 330
32 1000 1000
0 0
1000 0
0 1000
1000 1000
48 512 512
0 0
512 0
0 512
512 512
56 1024 1024
0 0
1024 0
0 1024
1024 1024
60 2000 2000
0 0
2000 0
0 2000
2000 2000
62 2048 1152
0 0
2048 0
0 1152
2048 1152
63 1024 1024
0 0
1024 0
0 1024
1024 1024
73 2600 3358
0 0
2600 0
0 3358
2600 3358
186
1 2500 596
0 0
2500 0
0 596
2500 596
10 1920 1920
0 0
1920 0
0 1920
1920 1920
28 2048 2048
0 0
2048 0
0 2048
2048 2048
33 671 723
0 0
671 0
0 723
671 723
49 2400 2400
0 0
2400 0
0 2400
2400 2400
57 512 512
0 0
512 0
0 512
512 512
61 512 512
0 0
512 0
0 512
512 512
63 1024 1024
0 0
1024 0
0 1024
1024 1024
64 1024 1024
0 0
1024 0
0 1024
1024 1024
187
2 440 241
0 0
440 0
0 241
440 241
11 1024 1024
0 0
1024 0
0 1024
1024 1024
29 1024 1024
0 0
1024 0
0 1024
1024 1024
34 1200 1306
0 0
1200 0
0 1306
1200 1306
50 1024 1024
0 0
1024 0
0 1024
1024 1024
58 2000 2000
0 0
2000 0
0 2000
2000 2000
62 2048 1152
0 0
2048 0
0 1152
2048 1152
64 1024 1024
0 0
1024 0
0 1024
1024 1024
65 800 800
0 0
800 0
0 800
800 800
188
3 360 360
0 0
360 0
0 360
360 360
12 1000 1000
0 0
1000 0
0 1000
1000 1000
30 1250 1250
0 0
1250 0
0 1250
1250 1250
35 1600 1600
0 0
1600 0
0 1600
1600 1600
51 920 782
0 0
920 0
0 782
920 782
59 512 512
0 0
512 0
0 512
512 512
63 1024 1024
0 0
1024 0
0 1024
1024 1024
65 800 800
0 0
800 0
0 800
800 800
66 900 897
0 0
900 0
0 897
900 897
189
4 1179 1024
0 0
1179 0
0 1024
1179 1024
13 256 256
0 0
256 0
0 256
256 256
31 2400 2250
0 0
2400 0
0 2250
2400 2250
36 800 800
0 0
800 0
0 800
800 800
52 1024 1024
0 0
1024 0
0 1024
1024 1024
60 2000 2000
0 0
2000 0
0 2000
2000 2000
64 1024 1024
0 0
1024 0
0 1024
1024 1024
66 900 897
0 0
900 0
0 897
900 897
67 1024 1024
0 0
1024 0
0 1024
1024 1024
190
5 512 512
0 0
512 0
0 512
512 512
14 844 121
0 0
844 0
0 121
844 121
32 1000 1000
0 0
1000 0
0 1000
1000 1000
37 3442 2700
0 0
3442 0
0 2700
3442 2700
53 4336 5000
0 0
4336 0
0 5000
4336 5000
61 512 512
0 0
512 0
0 512
512 512
65 800 800
0 0
800 0
0 800
800 800
67 1024 1024
0 0
1024 0
0 1024
1024 1024
68 2000 2000
0 0
2000 0
0 2000
2000 2000
191
6 2100 2493
0 0
2100 0
0 2493
2100 2493
15 512 512
0 0
512 0
0 512
512 512
33 671 723
0 0
671 0
0 723
671 723
38 512 512
0 0
512 0
0 512
512 512
54 600 600
0 0
600 0
0 600
600 600
62 2048 1152
0 0
2048 0
0 1152
2048 1152
66 900 897
0 0
900 0
0 897
900 897
68 2000 2000
0 0
2000 0
0 2000
2000 2000
69 1024 1024
0 0
1024 0
0 1024
1024 1024
192
7 823 826
0 0
823 0
0 826
823 826
16 684 1024
0 0
684 0
0 1024
684 1024
34 1200 1306
0 0
1200 0
0 1306
1200 1306
39 512 512
0 0
512 0
0 512
512 512
55 3700 4349
0 0
3700 0
0 4349
3700 4349
63 1024 1024
0 0
1024 0
0 1024
1024 1024
67 1024 1024
0 0
1024 0
0 1024
1024 1024
69 1024 1024
0 0
1024 0
0 1024
1024 1024
70 2400 2410
0 0
2400 0
0 2410
2400 2410
193
8 512 512
0 0
512 0
0 512
512 512
17 2083 2083
0 0
2083 0
0 2083
2083 2083
35 1600 1600
0 0
1600 0
0 1600
1600 1600
40 1024 512
0 0
1024 0
0 512
1024 512
56 1024 1024
0 0
1024 0
0 1024
1024 1024
64 1024 1024
0 0
1024 0
0 1024
1024 1024
68 2000 2000
0 0
2000 0
0 2000
2000 2000
70 2400 2410
0 0
2400 0
0 2410
2400 2410
71 4096 4096
0 0
4096 0
0 4096
4096 4096
194
9 800 800
0 0
800 0
0 800
800 800
18 512 512
0 0
512 0
0 512
512 512
36 800 800
0 0
800 0
0 800
800 800
41 5000 3000
0 0
5000 0
0 3000
5000 3000
57 512 512
0 0
512 0
0 512
512 512
65 800 800
0 0
800 0
0 800
800 800
69 1024 1024
0 0
1024 0
0 1024
1024 1024
71 4096 4096
0 0
4096 0
0 4096
4096 4096
72 1024 1024
0 0
1024 0
0 1024
1024 1024
195
10 1920 1920
0 0
1920 0
0 1920
1920 1920
19 2400 2400
0 0
2400 0
0 2400
2400 2400
37 3442 2700
0 0
3442 0
0 2700
3442 2700
42 1024 1024
0 0
1024 0
0 1024
1024 1024
58 2000 2000
0 0
2000 0
0 2000
2000 2000
66 900 897
0 0
900 0
0 897
900 897
70 2400 2410
0 0
2400 0
0 2410
2400 2410
72 1024 1024
0 0
1024 0
0 1024
1024 1024
73 2600 3358
0 0
2600 0
0 3358
2600 3358
