6 4
196
74 242 138
0 0
242 0
0 138
242 138
78 438 500
0 0
438 0
0 500
438 500
84 800 600
0 0
800 0
0 600
800 600
86 288 288
0 0
288 0
0 288
288 288
197
74 242 138
0 0
242 0
0 138
242 138
75 1200 1200
0 0
1200 0
0 1200
1200 1200
79 918 1032
0 0
918 0
0 1032
918 1032
85 1168 1024
0 0
1168 0
0 1024
1168 1024
198
75 1200 1200
0 0
1200 0
0 1200
1200 1200
76 1024 1024
0 0
1024 0
0 1024
1024 1024
80 1200 1200
0 0
1200 0
0 1200
1200 1200
86 288 288
0 0
288 0
0 288
288 288
199
74 242 138
0 0
242 0
0 138
242 138
76 1024 1024
0 0
1024 0
0 1024
1024 1024
77 1755 2048
0 0
1755 0
0 2048
1755 2048
81 350 350
0 0
350 0
0 350
350 350
200
75 1200 1200
0 0
1200 0
0 1200
1200 1200
77 1755 2048
0 0
1755 0
0 2048
1755 2048
78 438 500
0 0
438 0
0 500
438 500
82 1138 1280
0 0
1138 0
0 1280
1138 1280
201
76 1024 1024
0 0
1024 0
0 1024
1024 1024
78 438 500
0 0
438 0
0 500
438 500
79 918 1032
0 0
918 0
0 1032
918 1032
83 2048 2048
0 0
2048 0
0 2048
2048 2048
202
77 1755 2048
0 0
1755 0
0 2048
1755 2048
79 918 1032
0 0
918 0
0 1032
918 1032
80 1200 1200
0 0
1200 0
0 1200
1200 1200
84 800 600
0 0
800 0
0 600
800 600
203
78 438 500
0 0
438 0
0 500
438 500
80 1200 1200
0 0
1200 0
0 1200
1200 1200
81 350 350
0 0
350 0
0 350
350 350
85 1168 1024
0 0
1168 0
0 1024
1168 1024
204
79 918 1032
0 0
918 0
0 1032
918 1032
81 350 350
0 0
350 0
0 350
350 350
82 1138 1280
0 0
1138 0
0 1280
1138 1280
86 288 288
0 0
288 0
0 288
288 288
205
74 242 138
0 0
242 0
0 138
242 138
80 1200 1200
0 0
1200 0
0 1200
1200 1200
82 1138 1280
0 0
1138 0
0 1280
1138 1280
83 2048 2048
0 0
2048 0
0 2048
2048 2048
206
75 1200 1200
0 0
1200 0
0 1200
1200 1200
81 350 350
0 0
350 0
0 350
350 350
83 2048 2048
0 0
2048 0
0 2048
2048 2048
84 800 600
0 0
800 0
0 600
800 600
207
76 1024 1024
0 0
1024 0
0 1024
1024 1024
82 1138 1280
0 0
1138 0
0 1280
1138 1280
84 800 600
0 0
800 0
0 600
800 600
85 1168 1024
0 0
1168 0
0 1024
1168 1024
208
77 1755 2048
0 0
1755 0
0 2048
1755 2048
83 2048 2048
0 0
2048 0
0 2048
2048 2048
85 1168 1024
0 0
1168 0
0 1024
1168 1024
86 288 288
0 0
288 0
0 288
288 288
